1;0;2284;961;19;57
1;1;2336;963;14;46
1;9;2121;968;13;41
1;2;2441;957;21;70
1;4;2719;957;20;59
1;3;2512;963;22;62
1;6;2879;949;24;54
1;7;843;966;29;70
2;0;2284;961;19;57
2;1;2336;963;14;46
2;9;2121;968;13;41
2;2;2441;957;21;70
2;4;2719;957;20;59
2;3;2512;963;22;62
2;6;2879;949;24;54
2;7;846;966;26;70
3;0;2284;961;19;57
3;1;2336;963;14;46
3;9;2119;968;15;41
3;2;2441;957;21;70
3;4;2719;957;20;59
3;3;2509;965;24;58
3;6;2879;949;24;54
3;7;846;969;28;67
4;0;2284;961;19;57
4;1;2336;965;14;44
4;9;2119;968;15;41
4;2;2439;957;25;70
4;4;2716;957;21;59
4;3;2509;965;24;60
4;6;2879;949;24;54
4;7;846;966;28;70
5;0;2282;963;21;55
5;1;2336;965;14;44
5;9;2119;968;15;41
5;2;2438;955;23;72
5;4;2716;957;21;59
5;3;2509;965;24;60
5;6;2879;949;22;54
5;7;846;966;31;70
6;0;2282;963;21;55
6;1;2336;965;14;44
6;9;2119;968;15;44
6;2;2438;955;23;74
6;4;2716;957;23;59
6;3;2507;963;24;62
6;6;2879;949;22;54
6;7;848;966;33;70
7;0;2282;963;20;55
7;1;2336;965;13;44
7;9;2119;968;15;44
7;2;2438;955;23;74
7;4;2716;957;21;59
7;3;2509;965;20;59
7;6;2879;949;22;54
7;7;848;966;33;70
8;0;2282;963;20;55
8;1;2336;965;13;44
8;9;2119;966;15;41
8;2;2438;953;21;76
8;4;2716;957;21;59
8;3;2507;965;22;59
8;6;2879;949;22;54
8;7;848;966;33;70
9;0;2281;963;21;53
9;1;2336;965;13;44
9;9;2119;966;15;41
9;2;2438;955;21;72
9;4;2714;957;23;59
9;3;2509;965;18;59
9;6;2879;949;22;54
9;7;848;969;33;67
9;10;620;967;24;22
10;0;2281;961;21;55
10;1;2334;965;15;44
10;9;2119;966;15;41
10;2;2438;957;20;70
10;4;2714;957;23;59
10;3;2507;965;20;59
10;6;2879;949;22;54
10;7;848;969;33;67
11;0;2281;961;21;55
11;1;2334;963;15;46
11;9;2119;966;15;41
11;2;2438;957;20;70
11;4;2714;957;23;59
11;3;2507;963;20;61
11;6;2879;949;22;54
11;7;850;969;34;67
12;0;2281;961;21;55
12;1;2334;963;15;46
12;9;2119;966;15;41
12;2;2438;957;20;70
12;4;2714;957;23;59
12;3;2506;963;21;61
12;6;2879;949;22;54
12;7;850;969;34;67
13;0;2281;961;21;55
13;1;2334;963;15;46
13;9;2119;966;15;41
13;2;2436;957;22;68
13;4;2714;957;23;59
13;3;2506;963;21;61
13;6;2879;949;22;54
13;7;850;969;34;67
14;0;2281;963;21;53
14;1;2333;963;14;46
14;9;2119;966;15;41
14;2;2435;957;21;68
14;4;2714;957;23;59
14;3;2504;961;23;63
14;6;2879;949;22;54
14;7;850;969;34;67
15;0;2279;963;23;53
15;1;2333;963;14;46
15;9;2119;971;15;38
15;2;2435;959;21;66
15;4;2714;957;23;61
15;3;2502;959;25;65
15;6;2879;949;22;54
15;7;850;969;36;67
16;0;2279;963;21;53
16;1;2333;963;14;46
16;9;2117;966;17;41
16;2;2434;959;21;65
16;4;2714;957;23;59
16;3;2502;957;25;69
16;6;2879;949;22;54
16;7;853;969;33;67
17;0;2279;963;21;53
17;1;2333;963;14;46
17;9;2119;971;15;38
17;2;2435;959;20;64
17;4;2714;957;23;61
17;3;2502;957;25;67
17;6;2879;949;22;54
17;7;853;969;33;67
18;0;2279;963;21;53
18;1;2333;963;14;46
18;9;2117;971;17;38
18;2;2434;959;21;64
18;4;2714;957;23;59
18;3;2502;957;24;67
18;6;2879;949;22;54
18;7;853;969;36;67
19;0;2277;963;22;53
19;1;2331;963;15;46
19;9;2117;968;15;41
19;2;2434;959;21;65
19;3;2502;957;24;67
19;4;2714;957;23;59
19;6;2876;949;25;54
19;7;855;969;34;65
20;0;2277;963;22;53
20;1;2331;963;15;46
20;9;2117;968;15;41
20;2;2434;959;21;65
20;3;2502;957;24;67
20;4;2714;957;23;59
20;6;2876;949;25;54
20;7;855;969;34;65
21;0;2277;961;22;55
21;1;2331;963;13;46
21;9;2117;966;15;41
21;2;2432;957;21;67
21;3;2502;957;22;67
21;4;2712;957;25;61
21;6;2876;949;25;54
21;7;855;969;34;67
22;0;2277;961;22;55
22;1;2331;963;15;46
22;9;2117;966;17;41
22;2;2432;957;21;66
22;3;2504;955;22;69
22;4;2714;957;23;59
22;6;2876;952;25;51
22;7;858;971;31;65
23;0;2275;961;22;56
23;1;2331;963;15;45
23;9;2117;964;15;45
23;2;2431;955;22;68
23;4;2712;957;25;59
23;3;2502;957;22;67
23;6;2876;949;25;54
23;7;858;969;31;67
24;0;2275;961;22;56
24;1;2331;963;13;45
24;9;2117;966;15;41
24;2;2431;955;22;68
24;3;2504;957;20;67
24;4;2712;957;25;61
24;6;2876;949;22;54
24;7;858;969;33;67
25;0;2275;961;24;55
25;1;2331;963;15;46
25;9;2119;971;13;38
25;2;2432;957;21;66
25;3;2504;957;23;67
25;4;2712;957;25;61
25;6;2876;952;25;51
25;7;860;969;29;67
26;0;2275;961;22;58
26;1;2331;965;13;44
26;9;2117;968;15;41
26;2;2432;955;21;69
26;3;2504;959;22;65
26;4;2712;954;25;64
26;6;2874;949;24;54
26;7;858;969;31;67
27;0;2274;961;23;58
27;1;2328;965;14;43
27;9;2117;968;15;44
27;2;2431;957;22;67
27;4;2712;954;25;64
27;3;2504;961;22;63
27;6;2874;949;24;54
27;7;858;969;28;67
28;0;2274;961;23;58
28;1;2328;965;14;43
28;9;2117;968;15;41
28;2;2431;955;22;69
28;4;2712;954;25;64
28;3;2504;961;23;63
28;6;2874;949;24;54
28;7;860;966;26;70
29;0;2272;961;22;58
29;1;2328;965;14;43
29;9;2117;968;15;44
29;2;2431;955;24;69
29;4;2712;954;25;64
29;3;2504;959;23;65
29;6;2874;949;24;54
29;7;858;966;31;70
29;11;479;957;18;32
30;0;2272;963;22;56
30;1;2330;965;16;44
30;9;2119;968;13;41
30;2;2432;957;23;67
30;3;2504;959;23;65
30;4;2712;957;25;61
30;6;2876;949;22;54
30;7;860;966;29;70
30;11;479;956;18;33
31;0;2274;961;23;58
31;1;2331;965;15;44
31;9;2119;971;15;38
31;2;2434;955;22;70
31;3;2504;959;25;65
31;4;2712;957;25;61
31;6;2876;949;22;54
31;7;860;966;31;70
31;11;479;956;18;33
32;0;2272;961;22;58
32;1;2331;965;15;44
32;9;2119;971;15;38
32;2;2435;957;21;68
32;4;2712;957;25;61
32;3;2504;959;25;65
32;6;2876;952;22;51
32;7;860;966;31;70
32;11;479;956;19;33
33;0;2272;963;23;56
33;1;2330;965;16;43
33;9;2119;971;15;38
33;2;2434;955;22;68
33;4;2712;954;25;64
33;3;2504;959;25;63
33;6;2874;949;24;54
33;7;860;966;31;70
33;11;479;956;19;33
34;0;2270;965;25;54
34;1;2330;965;16;43
34;9;2119;971;15;38
34;2;2435;957;21;68
34;4;2712;957;25;61
34;3;2504;961;23;61
34;6;2874;949;24;54
34;7;860;966;31;70
34;11;479;956;19;33
35;0;2270;965;25;54
35;1;2330;965;14;43
35;9;2119;971;15;38
35;2;2435;957;21;68
35;4;2710;957;27;61
35;3;2504;959;23;65
35;6;2874;952;24;51
35;7;860;966;31;70
35;11;479;956;19;33
36;0;2269;963;25;54
36;1;2327;965;15;43
36;9;2119;971;15;38
36;2;2434;957;22;68
36;4;2710;954;25;64
36;3;2504;961;22;61
36;6;2874;949;22;54
36;7;860;966;31;70
36;11;479;954;19;35
37;0;2269;965;23;52
37;1;2327;965;13;43
37;9;2119;971;13;38
37;2;2434;957;22;68
37;3;2504;961;22;61
37;4;2710;957;25;61
37;6;2871;949;25;51
37;7;860;966;31;70
37;11;479;956;18;31
38;0;2269;967;23;50
38;1;2327;965;13;43
38;9;2117;971;15;38
38;2;2434;957;22;68
38;3;2504;961;22;61
38;4;2710;957;25;61
38;6;2871;949;25;51
38;7;860;966;31;70
38;11;479;952;18;34
39;0;2269;967;23;50
39;1;2327;965;13;43
39;9;2119;968;13;41
39;2;2434;959;22;66
39;3;2506;963;18;57
39;4;2710;959;25;57
39;6;2871;952;25;48
39;7;860;964;31;72
39;11;479;950;19;36
40;0;2269;967;23;50
40;1;2327;965;13;45
40;9;2119;968;15;44
40;2;2435;959;21;64
40;3;2506;961;18;61
40;4;2712;964;21;54
40;6;2871;952;25;48
40;7;865;964;31;75
40;11;479;952;19;32
41;0;2267;965;25;52
41;1;2327;965;15;43
41;9;2119;968;15;44
41;2;2436;959;20;64
41;3;2506;963;18;59
41;4;2712;959;23;57
41;6;2871;952;25;48
41;7;865;964;31;72
41;11;479;952;19;34
42;0;2267;965;25;52
42;1;2327;965;15;43
42;9;2119;971;15;38
42;2;2436;959;22;62
42;3;2506;963;20;59
42;4;2712;959;23;57
42;6;2871;949;25;51
42;5;2526;961;12;25
42;7;867;964;29;75
42;11;479;952;21;34
43;0;2267;963;24;54
43;1;2327;963;15;45
43;9;2119;971;15;38
43;2;2438;959;21;62
43;5;2506;961;21;61
43;4;2712;959;23;57
43;6;2871;949;25;51
43;7;867;964;29;75
43;11;479;952;21;34
44;0;2267;963;24;54
44;1;2327;963;15;45
44;9;2119;971;15;38
44;2;2436;959;25;62
44;5;2506;963;21;59
44;4;2712;957;21;59
44;6;2871;949;22;51
44;7;867;964;31;75
44;11;479;952;21;34
44;10;627;967;28;22
45;0;2267;963;24;54
45;1;2327;963;15;45
45;9;2119;971;15;38
45;5;2506;965;23;57
45;2;2438;961;23;58
45;4;2712;957;23;59
45;6;2871;949;22;51
45;7;867;964;31;75
45;11;479;954;21;35
45;10;629;967;26;22
46;0;2267;965;24;52
46;1;2327;963;16;45
46;9;2119;971;15;38
46;5;2504;965;25;57
46;2;2438;961;23;58
46;4;2712;957;23;59
46;6;2871;947;22;51
46;7;869;964;29;75
46;11;479;954;21;35
47;0;2267;963;22;54
47;1;2327;965;15;43
47;9;2121;971;16;38
47;5;2504;965;27;58
47;2;2441;959;23;61
47;4;2712;957;23;61
47;6;2871;947;22;51
47;7;869;964;29;75
47;11;479;956;23;32
48;0;2267;965;22;52
48;1;2327;963;16;45
48;9;2121;968;16;44
48;2;2439;961;25;60
48;5;2504;965;27;58
48;4;2712;957;23;61
48;6;2871;947;22;49
48;7;869;964;32;75
48;11;481;956;20;32
49;0;2265;965;22;50
49;1;2327;965;16;43
49;9;2124;968;13;44
49;2;2439;961;25;59
49;5;2506;965;25;58
49;4;2712;954;23;64
49;6;2871;947;22;49
49;7;872;964;29;77
49;11;481;956;20;33
50;0;2265;965;22;50
50;1;2327;965;16;43
50;9;2121;968;16;44
50;2;2439;961;25;60
50;5;2504;965;27;58
50;4;2710;954;25;64
50;6;2871;947;22;49
50;7;872;966;29;73
51;0;2265;965;21;52
51;1;2327;965;16;43
51;9;2121;968;16;41
51;5;2506;965;25;58
51;2;2441;961;23;60
51;4;2710;954;25;64
51;6;2871;947;22;49
51;7;872;966;29;73
52;1;2327;965;16;43
52;0;2263;965;23;52
52;9;2121;968;16;44
52;5;2506;963;25;62
52;2;2442;961;22;60
52;4;2710;954;25;64
52;6;2871;947;20;49
52;7;872;966;29;75
52;11;479;957;24;31
53;1;2327;965;16;43
53;0;2265;965;21;52
53;9;2124;968;15;43
53;5;2506;963;25;60
53;4;2710;954;25;64
53;2;2443;963;22;59
53;6;2871;947;22;49
53;7;874;966;29;75
53;11;481;957;24;31
54;1;2328;963;18;46
54;0;2265;965;21;50
54;9;2124;968;15;43
54;2;2445;963;20;61
54;5;2507;963;26;60
54;4;2710;957;25;61
54;6;2871;949;22;47
54;7;874;964;32;77
54;11;481;957;24;33
55;1;2330;963;16;45
55;0;2265;965;21;50
55;9;2124;971;15;38
55;2;2446;963;19;59
55;4;2712;957;23;61
55;5;2509;963;20;57
55;6;2874;949;19;47
55;7;874;964;32;77
55;11;482;959;24;31
56;1;2330;961;16;47
56;0;2263;965;18;51
56;9;2124;971;15;38
56;2;2448;961;18;61
56;4;2712;957;23;61
56;5;2511;961;18;57
56;6;2871;949;22;47
56;7;874;964;32;77
56;11;482;959;24;31
57;1;2330;961;16;47
57;0;2263;965;18;49
57;9;2124;966;15;41
57;2;2448;961;18;59
57;4;2712;957;21;61
57;5;2511;961;18;57
57;6;2871;949;22;47
57;7;877;964;31;80
57;11;482;959;24;31
58;1;2330;965;16;43
58;0;2263;965;18;49
58;9;2126;971;13;38
58;2;2449;961;19;63
58;4;2712;957;23;59
58;5;2511;963;18;55
58;6;2871;949;22;51
58;7;877;964;31;77
58;11;482;959;24;29
59;0;2263;965;16;51
59;1;2327;963;16;45
59;9;2124;968;15;41
59;2;2449;963;19;59
59;5;2511;963;18;55
59;4;2712;957;21;59
59;6;2871;952;22;48
59;7;877;964;31;77
59;11;482;959;24;29
60;0;2262;965;17;51
60;1;2327;965;16;43
60;9;2124;971;15;38
60;2;2449;963;19;61
60;5;2511;963;18;55
60;4;2710;959;18;57
60;6;2869;952;22;48
60;7;877;964;31;75
60;11;482;957;25;31
61;0;2262;965;15;51
61;1;2327;965;15;43
61;9;2121;971;16;38
61;2;2449;963;19;61
61;5;2511;963;18;57
61;4;2707;959;21;57
61;6;2869;949;22;51
61;7;879;966;34;73
61;11;482;957;24;31
62;0;2260;967;17;49
62;1;2327;965;15;43
62;9;2121;971;16;38
62;2;2449;963;19;61
62;5;2511;963;18;55
62;4;2707;959;19;57
62;6;2871;947;20;51
62;7;879;964;34;77
62;11;482;957;25;31
63;0;2260;965;17;49
63;1;2325;963;17;45
63;9;2119;966;18;41
63;2;2449;963;19;61
63;5;2511;963;18;57
63;4;2707;957;19;59
63;6;2869;947;22;49
63;7;879;966;34;75
63;11;482;957;25;31
64;1;2325;963;15;45
64;0;2260;967;15;49
64;9;2119;971;15;38
64;5;2509;963;20;55
64;2;2448;963;18;59
64;4;2705;957;21;59
64;6;2869;947;22;49
64;7;879;964;34;80
64;11;482;959;24;29
65;1;2327;963;13;45
65;0;2260;965;15;51
65;9;2119;966;18;41
65;5;2509;961;22;60
65;2;2449;963;19;61
65;4;2705;957;23;59
65;6;2869;947;22;46
65;7;881;964;32;80
65;11;482;959;25;29
66;1;2327;963;15;43
66;0;2260;965;15;51
66;9;2119;966;18;39
66;5;2509;961;22;60
66;2;2449;963;19;59
66;4;2705;954;23;62
66;6;2869;947;22;46
66;7;884;964;31;80
66;11;483;959;27;29
67;0;2260;967;15;49
67;1;2328;963;14;43
67;9;2119;964;20;45
67;5;2511;961;22;60
67;4;2705;954;25;62
67;2;2453;961;16;59
67;6;2869;947;24;46
67;7;886;966;29;75
67;11;483;959;29;31
68;1;2331;963;13;43
68;0;2260;967;15;49
68;9;2121;971;16;38
68;5;2514;959;20;62
68;2;2455;961;16;59
68;4;2705;957;28;59
68;6;2871;949;25;47
68;7;889;964;29;77
68;11;484;961;28;27
69;0;2260;967;15;49
69;1;2331;963;13;43
69;9;2119;964;18;45
69;2;2455;959;17;61
69;5;2514;959;22;60
69;4;2705;957;28;61
69;6;2869;952;27;46
69;7;889;966;29;75
69;11;484;959;29;29
70;0;2260;967;17;49
70;1;2331;963;15;43
70;9;2121;971;16;38
70;2;2456;957;18;65
70;5;2516;959;20;60
70;4;2705;957;28;61
70;6;2869;952;27;46
70;7;889;964;31;77
71;0;2260;967;17;49
71;1;2331;963;15;43
71;9;2117;966;22;43
71;2;2456;957;18;65
71;4;2703;957;30;61
71;5;2516;961;20;58
71;6;2869;952;27;48
71;7;889;964;31;77
72;0;2260;967;17;49
72;1;2330;963;16;43
72;9;2117;966;22;43
72;2;2455;957;21;65
72;4;2703;957;32;61
72;5;2516;961;20;58
72;6;2869;949;27;47
72;7;889;966;31;75
73;1;2331;963;15;43
73;0;2260;965;17;51
73;9;2117;966;22;43
73;2;2456;957;21;64
73;4;2703;957;32;61
73;5;2517;959;19;60
73;6;2869;952;29;46
73;7;891;964;32;77
74;1;2331;963;15;43
74;0;2260;965;17;49
74;9;2117;966;22;43
74;2;2456;955;23;66
74;4;2703;954;32;64
74;5;2517;959;21;60
74;6;2869;952;29;48
74;7;891;964;32;77
74;11;486;957;28;31
75;1;2331;963;16;43
75;0;2260;965;17;49
75;9;2117;966;22;43
75;2;2456;955;24;66
75;4;2703;957;30;61
75;5;2517;959;21;58
75;6;2871;952;27;48
75;7;894;966;36;75
75;11;487;957;27;31
76;1;2331;963;16;43
76;0;2260;965;17;49
76;9;2117;966;22;43
76;2;2458;955;22;66
76;4;2703;954;32;64
76;5;2517;959;23;58
76;6;2871;952;27;48
76;7;896;966;34;75
76;11;487;957;29;31
77;1;2331;963;16;43
77;0;2260;967;17;49
77;9;2117;966;22;41
77;2;2458;959;21;64
77;5;2517;957;21;64
77;4;2703;954;32;64
77;6;2874;947;22;49
77;7;896;966;34;75
77;11;488;957;28;31
78;1;2331;963;16;43
78;0;2260;967;17;49
78;9;2119;971;15;38
78;5;2517;957;21;64
78;2;2459;959;20;64
78;4;2703;954;30;64
78;6;2874;947;22;49
78;7;898;966;32;75
78;11;487;957;29;29
79;1;2331;963;16;43
79;0;2260;967;17;51
79;9;2119;971;15;38
79;5;2516;959;24;62
79;2;2461;959;19;66
79;4;2707;954;28;67
79;6;2874;944;22;52
79;7;898;966;32;75
80;1;2333;963;14;43
80;0;2260;967;17;49
80;9;2119;964;18;45
80;2;2462;959;20;62
80;5;2516;957;25;64
80;4;2707;954;28;67
80;6;2876;947;20;49
80;7;901;964;31;80
80;11;488;957;28;29
81;1;2333;963;14;43
81;0;2260;967;19;49
81;9;2119;964;18;45
81;2;2464;959;18;62
81;5;2516;959;27;62
81;4;2710;954;25;64
81;6;2876;947;20;49
81;7;901;964;34;80
81;11;486;957;31;33
82;1;2333;963;14;43
82;0;2260;965;19;51
82;9;2119;964;18;45
82;2;2465;961;18;60
82;5;2516;959;27;62
82;4;2710;954;25;64
82;6;2876;944;20;54
82;7;903;964;32;80
82;11;486;959;31;31
83;1;2333;963;16;42
83;0;2260;965;21;51
83;9;2119;964;18;45
83;2;2465;963;18;58
83;5;2516;959;27;62
83;4;2710;957;25;61
83;6;2876;944;22;54
83;7;903;964;32;80
83;11;492;959;28;31
84;1;2333;963;16;42
84;0;2260;965;21;51
84;9;2119;966;18;41
84;2;2466;963;17;56
84;4;2712;957;25;61
84;5;2517;963;26;58
84;6;2876;949;22;47
84;7;903;964;34;80
84;11;492;959;29;31
85;1;2333;963;16;44
85;0;2260;965;22;51
85;9;2119;966;15;41
85;2;2466;963;19;56
85;4;2712;957;23;59
85;5;2517;965;24;56
85;6;2876;952;25;48
85;7;903;964;37;80
86;1;2333;963;14;44
86;0;2260;963;21;53
86;9;2117;966;20;41
86;2;2466;961;17;60
86;5;2519;967;22;52
86;4;2710;954;25;62
86;6;2876;954;25;46
86;7;906;964;34;80
87;0;2260;963;21;53
87;1;2333;963;14;44
87;9;2117;966;20;41
87;2;2468;963;15;56
87;4;2710;957;25;59
87;5;2519;967;21;52
87;6;2876;954;27;44
87;3;2543;963;15;32
87;7;906;964;34;80
87;11;493;959;28;31
88;0;2260;963;21;53
88;1;2333;963;14;44
88;9;2117;966;20;41
88;2;2466;963;17;56
88;4;2710;957;25;61
88;5;2521;969;19;50
88;6;2876;954;27;44
88;3;2545;963;13;34
88;7;906;964;36;80
88;11;493;959;29;31
89;0;2260;963;19;55
89;1;2331;963;16;44
89;9;2117;971;15;36
89;2;2466;963;17;56
89;4;2710;957;27;61
89;5;2522;969;16;50
89;6;2876;954;27;44
89;3;2545;965;14;32
89;12;2511;955;10;30
89;7;908;964;34;80
90;1;2331;963;16;46
90;0;2260;963;19;55
90;9;2115;968;22;41
90;2;2466;963;17;56
90;4;2710;957;27;61
90;5;2522;969;16;50
90;6;2876;954;27;44
90;3;2545;965;16;32
90;12;2511;955;10;30
90;7;910;964;37;80
90;11;493;957;29;33
91;1;2331;963;16;46
91;0;2260;963;17;55
91;9;2115;966;19;41
91;5;2522;967;16;52
91;2;2466;963;17;56
91;4;2707;957;28;61
91;6;2876;954;25;44
91;3;2545;965;16;32
91;12;2509;955;12;30
91;7;913;964;34;80
91;11;493;957;29;33
92;0;2260;965;17;53
92;1;2331;963;15;45
92;9;2113;966;21;41
92;5;2522;967;16;52
92;2;2466;963;17;58
92;4;2705;957;28;61
92;3;2545;963;14;32
92;6;2876;952;25;48
92;12;2509;955;10;28
92;7;913;964;36;80
92;11;494;955;28;35
93;0;2260;965;15;53
93;1;2330;963;16;45
93;9;2110;971;22;38
93;5;2522;967;16;52
93;4;2705;959;28;57
93;2;2466;963;17;60
93;3;2545;965;14;30
93;6;2876;952;25;46
93;12;2507;955;12;30
93;7;915;966;34;78
94;0;2260;965;17;53
94;1;2330;963;17;44
94;9;2110;966;22;41
94;5;2522;967;18;52
94;2;2466;963;17;58
94;4;2705;959;25;57
94;3;2547;965;14;30
94;12;2507;955;12;30
94;6;2876;952;25;46
94;7;915;966;37;78
94;11;494;955;30;35
95;0;2260;965;15;51
95;1;2330;963;17;43
95;9;2108;968;24;37
95;2;2466;961;17;60
95;5;2524;965;23;52
95;4;2705;957;25;59
95;3;2549;961;12;32
95;12;2507;953;10;32
95;6;2876;949;25;47
95;7;918;964;34;80
95;11;496;955;29;35
96;0;2258;963;17;51
96;1;2330;963;16;43
96;9;2106;968;22;37
96;2;2466;959;17;60
96;5;2521;965;20;52
96;4;2705;957;25;59
96;3;2549;961;12;34
96;12;2506;955;10;28
96;6;2881;957;17;39
96;7;920;964;32;82
96;11;496;957;29;35
97;0;2260;963;17;49
97;1;2331;961;15;47
97;9;2110;966;16;41
97;2;2466;961;19;56
97;5;2526;965;19;52
97;4;2710;957;23;59
97;3;2549;961;14;32
97;12;2506;955;10;28
97;6;2884;957;17;39
97;7;920;964;34;82
97;11;500;959;28;33
98;0;2260;963;17;49
98;1;2331;961;15;47
98;9;2110;966;16;41
98;2;2466;965;20;53
98;5;2527;965;20;50
98;4;2710;957;25;59
98;3;2550;963;15;28
98;6;2884;957;17;39
98;12;2506;953;10;30
98;7;925;966;39;78
98;11;501;959;27;33
99;0;2260;963;17;49
99;1;2331;963;16;43
99;9;2110;966;16;41
99;2;2466;961;22;59
99;5;2527;965;20;52
99;4;2712;957;23;59
99;3;2552;963;15;30
99;12;2507;953;10;30
99;6;2881;949;22;47
99;7;928;969;36;75
99;11;502;959;29;34
100;0;2260;961;17;53
100;1;2331;963;16;43
100;9;2108;966;18;41
100;2;2466;961;22;59
100;5;2527;967;20;50
100;4;2712;959;23;57
100;3;2554;963;15;32
100;12;2507;955;10;28
100;6;2884;947;22;49
100;7;930;971;34;73
101;0;2260;963;17;51
101;1;2331;963;16;43
101;9;2110;973;16;34
101;2;2466;963;22;59
101;5;2529;967;18;50
101;4;2710;957;27;61
101;3;2554;965;15;28
101;6;2884;947;22;49
101;12;2506;953;10;32
101;7;930;964;37;82
102;0;2260;963;17;53
102;1;2331;963;15;43
102;9;2108;973;16;34
102;5;2529;965;18;54
102;2;2466;963;20;58
102;4;2710;957;27;61
102;3;2554;963;17;30
102;6;2879;949;27;47
102;12;2504;955;12;28
102;7;932;964;35;80
103;0;2260;965;17;53
103;1;2331;963;15;43
103;9;2104;968;22;42
103;5;2531;965;18;55
103;2;2466;965;22;57
103;4;2710;957;27;61
103;3;2556;965;15;28
103;6;2879;954;27;42
103;12;2504;955;12;28
103;7;935;964;32;80
104;0;2258;965;19;53
104;1;2331;963;15;43
104;9;2104;968;22;42
104;5;2531;965;18;52
104;2;2466;963;22;59
104;4;2707;959;30;59
104;3;2558;965;13;28
104;6;2879;954;27;42
104;12;2504;955;10;28
104;7;937;964;32;80
105;0;2260;965;17;53
105;1;2331;963;15;43
105;9;2102;968;24;42
105;5;2531;967;19;55
105;2;2468;961;22;61
105;4;2707;961;30;60
105;3;2559;965;13;28
105;6;2881;954;29;44
105;12;2504;955;10;28
105;7;937;964;32;78
105;11;507;955;28;97
106;0;2260;965;17;53
106;1;2331;963;15;43
106;9;2102;968;24;42
106;5;2531;965;19;55
106;2;2468;961;20;61
106;4;2705;959;32;62
106;6;2881;957;32;41
106;3;2561;963;11;30
106;12;2504;955;10;28
106;7;940;964;31;78
106;11;507;955;28;94
107;0;2260;965;17;53
107;1;2331;963;15;43
107;9;2102;968;24;42
107;5;2531;965;21;55
107;2;2468;959;20;63
107;4;2705;959;34;62
107;6;2881;957;32;43
107;3;2561;963;13;32
107;12;2504;955;10;28
107;7;945;966;34;73
107;11;509;955;28;94
108;0;2260;963;19;53
108;1;2331;963;16;43
108;9;2102;968;22;42
108;5;2531;963;23;57
108;2;2469;959;19;63
108;4;2705;961;34;60
108;6;2881;957;32;41
108;3;2561;963;15;33
108;12;2504;955;10;28
108;7;947;966;32;76
108;11;510;959;28;34
109;0;2260;961;19;55
109;1;2331;963;15;43
109;9;2102;968;17;39
109;5;2531;963;23;57
109;4;2705;961;34;60
109;2;2471;959;20;61
109;6;2881;957;32;41
109;3;2561;965;15;31
109;12;2504;955;10;28
109;7;949;966;30;76
110;0;2260;961;19;55
110;1;2331;963;16;44
110;9;2102;966;17;41
110;2;2472;959;19;61
110;4;2710;957;29;61
110;5;2536;963;22;55
110;3;2565;965;13;28
110;6;2884;957;29;41
110;12;2504;955;12;28
110;7;952;966;29;73
111;0;2260;959;19;57
111;1;2331;961;16;46
111;9;2102;966;15;42
111;2;2472;959;19;61
111;4;2712;957;27;61
111;5;2538;965;20;53
111;3;2565;965;15;31
111;6;2884;957;29;41
111;12;2504;955;10;28
111;7;954;964;30;78
111;11;512;961;31;32
112;0;2260;959;19;57
112;1;2331;961;16;46
112;9;2102;966;15;42
112;4;2712;957;27;59
112;2;2472;959;19;63
112;5;2538;965;20;53
112;3;2567;963;15;28
112;12;2504;955;10;28
112;6;2889;961;21;32
112;11;513;959;30;34
113;0;2262;961;17;55
113;1;2331;961;16;46
113;9;2102;966;15;42
113;2;2472;959;19;61
113;4;2714;954;23;62
113;5;2540;965;19;53
113;3;2569;963;15;28
113;6;2884;957;29;41
113;12;2504;955;10;30
113;7;962;964;29;77
113;11;514;959;30;36
114;0;2262;961;17;55
114;1;2331;961;16;46
114;9;2099;964;18;46
114;2;2474;961;17;59
114;5;2540;965;19;53
114;4;2716;954;21;62
114;3;2571;963;13;28
114;6;2889;959;21;34
114;12;2504;955;10;30
114;11;514;959;30;36
115;0;2262;961;17;55
115;1;2331;961;16;45
115;9;2099;964;18;46
115;5;2541;965;18;51
115;2;2476;963;15;57
115;4;2716;952;23;64
115;3;2572;965;14;29
115;6;2889;961;19;32
115;12;2504;955;10;28
116;0;2262;963;17;55
116;1;2331;963;16;43
116;9;2099;966;16;42
116;5;2541;965;20;53
116;4;2716;952;21;64
116;2;2476;963;15;57
116;3;2572;965;14;26
116;6;2881;954;29;44
116;11;517;959;30;34
117;0;2260;963;17;55
117;1;2331;963;16;43
117;9;2095;966;22;42
117;5;2541;963;20;53
117;4;2716;954;21;62
117;2;2476;963;15;59
117;3;2574;965;12;26
117;6;2881;954;29;44
117;12;2504;957;10;26
117;11;518;957;30;36
117;7;969;961;27;83
118;0;2260;963;17;55
118;1;2330;961;16;47
118;9;2095;966;15;42
118;5;2541;963;20;53
118;4;2714;954;25;62
118;2;2474;961;17;61
118;3;2574;965;12;26
118;6;2879;954;24;42
118;7;969;964;27;77
118;11;517;957;30;36
119;0;2260;961;17;57
119;1;2330;961;16;47
119;9;2095;964;15;46
119;4;2714;954;25;64
119;5;2543;963;20;53
119;2;2474;961;17;61
119;3;2574;963;14;29
119;6;2876;954;27;44
119;7;971;964;30;77
120;0;2258;961;19;57
120;1;2330;961;16;47
120;9;2095;971;13;39
120;4;2712;954;30;64
120;5;2543;963;20;53
120;2;2474;959;17;63
120;3;2574;965;14;27
120;6;2876;954;27;44
120;12;2501;957;11;26
120;7;971;964;30;77
121;0;2258;961;17;57
121;1;2327;963;16;45
121;9;2090;968;16;40
121;4;2712;954;30;64
121;5;2543;963;20;53
121;2;2472;959;19;65
121;3;2572;965;16;31
121;6;2879;954;24;44
121;12;2499;959;10;26
121;7;979;966;27;75
122;0;2258;963;17;55
122;1;2325;961;18;47
122;9;2090;966;16;42
122;4;2712;957;32;61
122;5;2543;965;18;51
122;2;2472;959;19;63
122;6;2876;954;27;44
122;3;2574;963;14;33
122;12;2499;959;10;26
122;7;981;964;27;77
123;0;2258;961;17;55
123;1;2327;961;16;47
123;9;2090;966;16;42
123;4;2712;954;34;64
123;2;2472;959;21;61
123;5;2547;963;16;53
123;3;2576;963;16;29
123;6;2879;954;24;44
123;12;2499;955;12;28
123;11;520;959;31;36
124;0;2258;961;19;55
124;1;2330;961;16;45
124;9;2088;964;18;44
124;4;2712;952;34;64
124;2;2472;959;22;61
124;5;2550;963;19;53
124;3;2578;963;16;29
124;6;2879;954;24;44
124;12;2501;955;10;28
124;7;986;964;27;77
124;11;520;959;33;36
125;0;2258;961;19;55
125;1;2330;961;16;45
125;9;2086;966;22;42
125;4;2714;952;32;64
125;2;2472;959;24;63
125;5;2550;963;19;53
125;3;2580;963;14;29
125;6;2879;954;24;44
125;12;2499;955;12;28
125;7;991;966;22;73
126;0;2260;963;17;53
126;1;2330;961;16;45
126;9;2084;966;24;42
126;4;2712;954;32;64
126;2;2472;961;22;63
126;5;2550;965;21;52
126;3;2580;965;14;27
126;6;2879;954;24;44
126;12;2499;955;12;28
126;7;991;964;24;77
127;0;2258;963;19;55
127;1;2330;963;16;43
127;9;2084;966;22;42
127;4;2712;954;34;64
127;5;2550;965;21;54
127;2;2474;963;22;61
127;3;2582;965;12;27
127;6;2879;954;22;44
127;12;2497;955;12;28
127;7;996;964;24;77
127;11;521;959;35;39
128;0;2258;965;17;55
128;1;2327;963;16;45
128;9;2084;971;22;39
128;4;2714;954;30;64
128;2;2474;961;20;63
128;5;2550;965;21;54
128;3;2582;965;12;29
128;6;2876;954;25;44
128;12;2497;961;10;24
128;7;998;964;22;77
128;11;522;959;34;37
129;0;2258;965;17;55
129;1;2327;963;16;45
129;9;2081;971;25;39
129;2;2474;961;20;63
129;5;2552;967;20;52
129;4;2714;957;30;61
129;3;2582;963;12;31
129;6;2876;954;25;44
129;12;2497;961;10;26
129;7;1001;969;22;77
129;11;527;959;32;37
130;0;2256;965;19;53
130;1;2327;963;15;45
130;9;2081;971;16;39
130;2;2474;963;20;61
130;4;2714;952;30;66
130;5;2552;965;20;52
130;3;2582;963;12;29
130;6;2876;952;25;48
130;11;527;959;32;37
131;0;2256;961;19;57
131;1;2325;963;17;45
131;9;2079;966;18;42
131;2;2474;961;19;61
131;4;2716;950;28;66
131;5;2550;963;22;54
131;3;2582;961;12;33
131;6;2876;952;22;46
131;11;527;959;32;37
132;0;2256;961;19;57
132;1;2327;963;15;43
132;9;2079;966;18;42
132;2;2474;959;20;63
132;5;2554;965;20;54
132;4;2719;950;25;66
132;3;2582;961;13;33
132;6;2876;952;25;48
132;11;528;959;31;37
132;7;1003;966;24;73
133;0;2256;961;19;57
133;1;2327;961;15;47
133;9;2079;966;18;42
133;2;2474;959;19;63
133;5;2554;965;22;54
133;4;2719;950;25;66
133;3;2584;961;13;33
133;6;2876;954;25;44
133;11;528;959;33;37
134;0;2256;963;19;55
134;1;2327;963;15;43
134;9;2079;964;16;44
134;2;2474;959;19;63
134;5;2556;965;18;52
134;4;2721;950;23;66
134;3;2584;961;13;35
134;6;2876;954;25;44
134;11;530;959;31;37
135;0;2256;961;19;57
135;1;2327;963;15;43
135;9;2079;966;16;42
135;2;2476;961;17;61
135;4;2719;947;25;69
135;5;2558;965;18;52
135;3;2586;963;11;33
135;6;2876;954;25;46
135;11;530;957;32;41
135;13;481;961;19;34
136;0;2256;963;19;55
136;1;2327;963;15;43
136;9;2077;966;18;42
136;2;2476;961;18;61
136;4;2721;950;23;66
136;5;2561;963;19;52
136;3;2586;966;13;30
136;6;2876;954;25;46
136;11;532;959;32;41
136;13;481;962;19;33
137;0;2256;963;19;55
137;1;2327;961;15;47
137;9;2077;966;18;42
137;2;2476;959;17;63
137;4;2721;952;23;64
137;3;2586;963;13;33
137;5;2563;965;17;48
137;6;2874;944;24;52
137;11;534;959;30;41
138;0;2256;963;19;55
138;1;2327;961;16;47
138;9;2077;966;16;42
138;2;2476;961;18;61
138;5;2563;963;19;52
138;4;2726;954;23;65
138;3;2588;966;11;24
138;6;2876;954;25;44
138;11;534;961;31;41
139;0;2256;963;19;55
139;1;2327;961;16;47
139;9;2074;966;19;42
139;5;2561;961;23;56
139;4;2723;954;28;65
139;2;2477;961;17;61
139;6;2876;954;25;44
139;3;2590;961;11;29
139;11;535;959;33;43
140;0;2256;963;18;55
140;1;2327;961;15;47
140;9;2074;966;19;42
140;5;2563;961;21;56
140;4;2721;954;32;65
140;2;2476;965;18;59
140;3;2590;963;11;27
140;6;2874;954;24;44
140;11;537;959;31;43
141;0;2255;963;19;55
141;1;2325;961;17;47
141;9;2074;968;16;38
141;5;2563;963;23;54
141;2;2476;963;18;61
141;4;2721;954;32;67
141;3;2590;963;11;29
141;6;2876;959;20;34
141;11;537;959;33;41
142;1;2324;961;16;47
142;0;2255;963;19;53
142;9;2072;968;16;38
142;5;2563;963;21;54
142;12;2474;961;19;63
142;4;2714;957;39;62
142;3;2590;963;11;33
142;6;2871;954;27;46
142;2;2493;959;9;28
142;11;537;957;33;45
143;1;2324;961;16;47
143;0;2255;963;19;53
143;9;2070;968;18;38
143;12;2474;961;19;63
143;5;2565;965;19;52
143;4;2716;957;35;62
143;3;2590;961;11;33
143;6;2876;961;17;32
143;11;537;957;33;45
144;1;2324;963;16;43
144;0;2255;963;19;55
144;9;2068;973;20;35
144;12;2474;959;19;63
144;4;2719;957;34;62
144;5;2567;965;19;52
144;3;2590;963;11;33
144;6;2869;954;29;46
144;11;538;959;34;45
145;1;2324;963;16;43
145;0;2255;961;19;57
145;9;2065;968;25;38
145;4;2721;954;32;67
145;2;2474;959;20;63
145;5;2569;963;17;54
145;3;2590;963;13;31
145;6;2869;954;27;44
145;11;540;959;32;43
146;1;2324;961;16;45
146;0;2255;961;19;57
146;9;2065;968;25;38
146;4;2723;954;30;67
146;2;2474;959;20;63
146;5;2572;963;16;54
146;3;2592;963;11;31
146;6;2869;954;29;44
147;0;2251;961;19;57
147;1;2324;961;16;47
147;9;2063;969;27;37
147;4;2726;954;27;65
147;2;2474;961;20;61
147;5;2571;963;17;54
147;6;2867;954;29;46
147;3;2592;961;11;33
147;11;543;959;30;45
148;1;2324;961;16;47
148;0;2253;963;21;55
148;9;2063;969;30;37
148;4;2730;954;26;65
148;2;2474;959;22;63
148;5;2574;965;20;51
148;3;2594;961;11;33
148;6;2869;954;27;44
149;1;2324;961;16;47
149;0;2253;965;21;53
149;9;2063;969;27;37
149;4;2733;952;23;64
149;2;2474;959;22;63
149;-1;2574;963;21;53
149;6;2867;954;29;44
149;11;543;961;33;43
150;0;2251;963;19;55
150;1;2324;959;16;45
150;9;2061;969;25;37
150;4;2735;949;21;65
150;-1;2574;963;23;53
150;2;2474;959;22;63
150;6;2867;954;29;44
150;11;543;959;33;45
151;0;2253;963;21;55
151;1;2324;961;16;47
151;9;2063;966;18;42
151;4;2735;949;21;65
151;-1;2574;963;23;53
151;2;2474;959;22;63
151;6;2867;954;29;44
151;11;545;959;33;47
151;7;1032;969;29;79
152;0;2251;961;19;59
152;1;2324;961;16;47
152;9;2063;969;18;37
152;4;2735;949;21;67
152;-1;2576;959;23;59
152;2;2474;959;23;63
152;6;2867;954;26;46
152;7;1035;969;28;78
152;11;545;959;35;48
153;0;2251;961;19;59
153;1;2324;961;16;47
153;9;2063;971;18;37
153;-1;2578;963;23;53
153;4;2735;954;21;60
153;2;2476;961;23;61
153;6;2867;954;26;46
153;7;1035;966;31;81
153;11;545;959;36;48
154;0;2251;961;19;59
154;1;2324;963;16;45
154;9;2063;971;16;37
154;2;2476;961;21;61
154;4;2735;954;23;60
154;-1;2580;963;21;55
154;6;2864;957;29;43
154;11;545;961;36;48
155;1;2324;963;16;45
155;0;2251;961;19;59
155;9;2063;971;16;37
155;2;2476;959;21;65
155;4;2735;954;25;62
155;-1;2580;965;21;53
155;6;2864;957;29;43
155;11;547;959;36;48
156;1;2324;961;15;47
156;0;2251;961;19;59
156;9;2061;969;16;37
156;2;2476;959;21;65
156;4;2737;954;31;65
156;-1;2582;963;19;55
156;6;2862;954;27;44
156;7;1042;969;31;78
156;11;547;959;36;48
157;1;2324;961;16;47
157;0;2255;961;19;59
157;9;2061;966;16;40
157;4;2739;957;29;62
157;2;2477;959;20;65
157;-1;2586;963;21;53
157;6;2862;954;27;44
157;7;1044;969;31;76
157;11;548;963;35;46
158;0;2255;961;19;59
158;1;2324;961;16;47
158;9;2061;966;16;43
158;4;2739;957;31;62
158;-1;2588;963;19;51
158;2;2477;959;20;63
158;6;2862;954;27;44
158;7;1044;969;36;76
158;11;548;959;36;48
159;1;2324;961;16;47
159;0;2255;963;19;57
159;9;2058;966;19;43
159;4;2739;954;33;65
159;-1;2588;963;21;51
159;2;2477;959;20;63
159;6;2862;954;27;44
159;7;1047;966;35;81
159;11;548;961;36;50
160;0;2251;963;19;57
160;1;2324;961;16;47
160;9;2058;966;16;43
160;4;2737;954;35;67
160;-1;2590;963;19;51
160;2;2477;959;20;63
160;6;2862;954;27;44
160;7;1049;966;33;81
160;11;548;961;36;50
161;0;2251;963;19;57
161;1;2324;961;15;47
161;9;2058;966;16;43
161;4;2737;952;35;69
161;-1;2588;961;23;55
161;2;2477;959;20;65
161;6;2862;954;24;44
161;7;1049;966;36;81
161;11;550;959;36;54
162;0;2253;963;21;57
162;1;2324;961;16;47
162;9;2058;966;16;43
162;4;2737;954;35;67
162;-1;2590;961;21;55
162;2;2477;959;19;65
162;6;2862;954;24;46
162;11;550;961;36;52
162;7;1054;969;35;78
163;0;2255;961;19;59
163;1;2324;961;15;47
163;9;2056;969;18;37
163;4;2739;954;33;65
163;2;2477;959;19;65
163;-1;2592;961;19;55
163;6;2859;954;27;46
163;7;1056;971;33;76
163;11;551;961;35;52
164;0;2255;961;19;59
164;1;2325;961;15;45
164;9;2056;969;16;37
164;4;2742;954;30;65
164;2;2477;959;20;65
164;-1;2594;961;17;55
164;6;2859;954;25;46
164;7;1056;966;36;81
164;11;550;959;38;56
165;1;2324;959;15;43
165;0;2255;961;19;59
165;9;2056;966;14;40
165;4;2744;952;28;65
165;2;2477;959;19;65
165;-1;2594;961;17;55
165;6;2854;954;30;46
165;7;1059;966;30;83
165;11;548;959;40;56
166;1;2322;959;17;43
166;0;2251;959;19;61
166;9;2056;969;14;37
166;4;2744;949;28;68
166;2;2477;959;19;63
166;-1;2595;959;18;57
166;6;2854;954;27;46
166;7;1059;966;33;83
166;11;548;961;40;54
167;0;2251;961;19;59
167;1;2322;959;17;45
167;9;2054;969;16;37
167;2;2476;959;20;63
167;4;2746;949;24;65
167;-1;2595;961;18;58
167;6;2852;957;29;43
167;7;1061;969;31;80
167;11;548;959;40;56
168;1;2322;961;17;47
168;0;2255;961;19;59
168;9;2054;966;16;40
168;4;2746;949;24;65
168;2;2476;959;20;63
168;-1;2599;961;20;56
168;6;2849;957;32;46
168;7;1063;969;31;78
168;11;548;957;41;58
169;0;2255;963;19;57
169;1;2322;961;17;45
169;9;2054;969;16;37
169;4;2749;949;23;65
169;2;2477;959;19;63
169;-1;2599;963;22;54
169;6;2849;957;32;46
169;7;1066;969;33;80
169;11;555;959;36;56
170;0;2255;963;19;59
170;1;2322;961;17;47
170;9;2054;969;18;37
170;4;2749;949;23;65
170;2;2477;957;20;65
170;-1;2599;961;26;58
170;6;2847;959;17;37
170;7;1066;966;33;83
170;11;555;959;36;56
171;0;2255;963;19;59
171;1;2322;961;17;47
171;9;2051;969;21;37
171;2;2477;957;20;67
171;-1;2599;959;29;60
171;4;2749;949;26;65
171;6;2842;957;27;41
171;7;1066;966;33;85
171;11;555;959;36;56
172;0;2255;963;19;57
172;1;2322;961;17;45
172;9;2051;966;21;40
172;2;2476;957;21;65
172;4;2749;947;28;67
172;-1;2601;959;27;58
172;14;2859;964;17;32
172;6;2842;961;17;32
172;11;553;961;38;54
172;7;1070;969;33;80
173;0;2256;965;19;55
173;1;2324;961;15;41
173;9;2051;969;21;37
173;2;2477;955;20;69
173;4;2749;945;30;69
173;-1;2603;959;27;60
173;14;2857;964;19;32
173;6;2842;964;15;27
173;11;553;961;40;56
173;7;1073;969;32;80
174;0;2256;963;21;57
174;1;2324;961;16;45
174;9;2054;969;16;37
174;2;2477;955;22;71
174;4;2751;947;33;72
174;-1;2609;961;27;56
174;6;2837;957;32;41
174;7;1075;969;30;82
174;11;553;961;38;56
175;0;2258;963;21;57
175;1;2324;961;16;43
175;9;2054;966;16;43
175;2;2477;955;22;71
175;15;2753;952;34;67
175;-1;2613;961;25;56
175;16;2857;964;19;32
175;14;2830;954;27;44
175;7;1078;969;30;82
175;11;555;959;38;58
176;0;2260;961;21;61
176;1;2325;961;17;47
176;9;2054;966;16;43
176;15;2756;959;33;63
176;2;2479;955;20;71
176;-1;2613;963;27;55
176;16;2854;966;22;30
176;14;2832;961;17;35
176;7;1080;969;30;82
176;11;555;961;38;58
177;0;2260;961;21;61
177;1;2325;961;17;47
177;9;2054;969;16;37
177;15;2756;959;31;58
177;2;2477;957;24;69
177;-1;2617;963;25;52
177;-1;2854;969;20;29
177;-1;2830;961;17;35
177;7;1080;969;30;82
177;11;553;959;40;60
178;0;2262;961;19;61
178;1;2325;961;17;47
178;9;2051;966;14;43
178;15;2758;959;29;58
178;2;2479;957;20;69
178;-1;2617;963;27;55
178;18;2825;957;27;46
178;17;2854;969;20;27
178;7;1082;966;30;87
178;11;553;959;40;62
178;13;484;964;33;52
179;0;2262;961;19;61
179;1;2325;961;17;47
179;9;2049;966;16;43
179;15;2758;959;26;58
179;2;2479;957;20;69
179;-1;2623;963;25;53
179;18;2825;961;17;37
179;-1;2849;969;20;27
179;7;1082;971;30;82
179;11;551;961;40;58
180;0;2262;961;20;63
180;1;2325;961;17;47
180;9;2049;966;16;43
180;15;2758;959;29;58
180;2;2479;955;20;71
180;-1;2625;961;28;57
180;18;2823;959;17;39
180;19;2845;957;24;46
180;7;1082;971;30;84
180;11;550;961;39;60
181;0;2262;965;20;59
181;1;2325;961;17;47
181;9;2049;966;16;43
181;15;2756;959;31;58
181;2;2480;959;22;66
181;-1;2628;963;27;55
181;18;2818;959;17;39
181;19;2845;964;22;34
181;7;1082;969;33;86
181;11;548;961;41;60
182;0;2265;963;21;58
182;1;2327;961;15;47
182;9;2049;966;16;43
182;15;2756;954;28;63
182;2;2482;959;19;65
182;-1;2630;961;27;57
182;18;2818;959;17;39
182;19;2840;957;27;46
182;11;545;961;44;60
182;7;1082;971;33;84
183;0;2267;963;19;58
183;1;2327;961;16;43
183;9;2049;966;16;43
183;15;2756;949;28;70
183;2;2482;959;19;65
183;20;2640;964;21;54
183;18;2813;954;24;49
183;-1;2621;966;15;29
183;19;2842;964;20;34
183;7;1087;971;30;84
183;11;545;961;44;60
184;0;2269;963;18;58
184;1;2330;961;14;45
184;9;2049;966;16;43
184;15;2756;957;28;60
184;2;2482;959;19;65
184;20;2642;964;19;54
184;21;2621;963;17;32
184;19;2840;964;22;34
184;18;2811;954;24;49
184;7;1087;969;30;86
184;11;547;959;39;64
185;0;2270;965;17;56
185;1;2330;961;16;45
185;9;2049;966;16;43
185;15;2756;949;28;70
185;2;2482;957;19;67
185;20;2646;964;19;57
185;21;2623;963;17;30
185;18;2811;954;24;49
185;19;2837;966;22;34
185;11;545;961;43;60
185;7;1089;973;30;80
186;0;2272;963;17;58
186;1;2331;961;15;47
186;9;2049;966;16;43
186;15;2756;947;28;70
186;2;2483;957;19;70
186;18;2811;952;24;51
186;20;2650;964;18;57
186;19;2837;964;22;36
186;21;2625;961;15;32
186;11;545;961;41;64
186;7;1092;973;27;84
187;0;2272;963;19;58
187;1;2331;961;15;45
187;9;2049;966;16;43
187;15;2753;952;31;67
187;2;2483;959;19;68
187;20;2653;964;21;55
187;18;2808;954;24;49
187;21;2628;961;16;36
187;19;2835;969;17;24
187;7;1092;973;30;80
187;11;541;961;45;64
188;0;2272;961;20;62
188;1;2331;959;15;45
188;9;2049;966;16;40
188;15;2753;954;31;65
188;2;2482;957;20;70
188;20;2653;964;26;55
188;18;2806;954;24;49
188;21;2628;966;16;29
188;19;2835;964;17;34
188;7;1092;973;30;82
188;11;541;963;45;64
189;0;2272;959;22;66
189;1;2331;961;16;46
189;9;2047;966;18;40
189;15;2753;957;29;60
189;20;2657;964;26;55
189;2;2483;959;21;68
189;21;2630;963;14;32
189;19;2832;961;20;37
189;18;2806;954;22;46
189;7;1092;973;30;84
189;11;541;965;43;64
190;0;2272;959;22;66
190;1;2331;961;16;46
190;9;2047;966;16;40
190;15;2753;957;29;60
190;2;2483;959;21;68
190;20;2657;961;30;58
190;21;2632;963;14;30
190;19;2825;957;22;46
190;18;2799;952;21;51
190;7;1092;973;30;82
190;11;541;965;42;63
191;0;2274;959;23;67
191;1;2331;961;18;46
191;9;2047;966;18;43
191;15;2753;957;29;60
191;2;2483;959;23;66
191;20;2657;959;35;60
191;19;2828;961;17;37
191;18;2796;952;24;51
191;21;2634;963;14;32
191;7;1092;971;30;84
191;11;540;963;41;63
192;0;2275;959;22;69
192;1;2333;963;16;42
192;9;2044;964;19;45
192;15;2753;954;31;60
192;2;2483;961;23;64
192;20;2665;964;31;53
192;18;2796;952;24;53
192;21;2636;961;14;37
192;19;2825;964;20;34
192;7;1094;971;28;84
192;11;538;963;40;61
192;13;479;968;21;59
193;0;2277;961;23;65
193;1;2334;961;15;44
193;9;2047;964;18;45
193;2;2485;961;22;64
193;15;2751;954;26;58
193;20;2672;961;26;52
193;18;2796;952;24;56
193;19;2823;966;19;37
193;21;2638;957;15;41
193;11;537;961;43;65
193;7;1094;973;30;86
194;0;2279;961;23;63
194;1;2334;961;16;44
194;9;2047;964;18;45
194;15;2751;957;26;57
194;2;2485;959;24;64
194;18;2794;954;26;54
194;20;2674;961;27;52
194;21;2638;959;17;36
194;19;2823;964;17;41
194;11;537;961;43;65
194;7;1094;973;30;84
195;0;2279;961;23;61
195;1;2336;961;14;44
195;9;2047;964;18;45
195;2;2485;959;24;66
195;20;2681;961;24;59
195;15;2751;961;24;53
195;18;2794;957;24;51
195;19;2818;959;19;49
195;21;2642;959;15;39
195;11;535;959;43;67
195;7;1096;973;28;84
196;0;2281;963;22;57
196;1;2336;963;16;42
196;9;2047;966;18;43
196;20;2685;961;22;61
196;15;2751;961;26;53
196;2;2485;957;26;70
196;21;2642;961;17;37
196;18;2796;964;19;39
196;19;2818;961;17;47
196;11;535;961;43;65
196;7;1096;971;28;81
196;13;479;969;21;58
197;0;2282;963;21;59
197;1;2336;963;16;42
197;9;2047;964;18;45
197;20;2690;964;20;54
197;15;2751;961;24;53
197;2;2485;957;26;70
197;21;2642;964;17;34
197;18;2791;959;27;49
197;11;534;959;42;65
197;7;1096;969;30;83
198;0;2282;963;21;61
198;1;2336;961;16;41
198;9;2047;964;16;45
198;2;2485;959;26;68
198;15;2749;961;26;53
198;21;2644;964;17;34
198;20;2694;959;20;56
198;19;2808;957;24;51
198;11;534;959;42;65
198;7;1099;969;27;83
199;0;2282;961;21;63
199;1;2342;961;14;40
199;9;2047;966;18;40
199;20;2698;964;23;54
199;15;2749;964;30;48
199;2;2491;961;23;64
199;21;2648;961;15;37
199;19;2808;954;24;51
199;18;2784;957;22;48
199;11;534;959;42;65
199;7;1099;969;29;88
199;13;479;956;19;67
200;0;2284;961;19;63
200;1;2342;961;14;40
200;9;2047;964;16;42
200;20;2698;964;28;56
200;15;2749;961;26;51
200;2;2491;961;23;64
200;21;2648;964;15;32
200;19;2806;954;24;49
200;18;2784;954;22;51
200;11;531;957;45;69
200;7;1099;971;29;86
201;0;2282;961;21;61
201;1;2342;961;14;40
201;9;2044;964;17;42
201;20;2698;959;32;61
201;15;2749;961;23;53
201;2;2491;963;21;62
201;21;2648;961;15;35
201;18;2784;961;15;39
201;7;1096;971;28;84
201;11;527;957;45;69
202;0;2282;961;20;61
202;1;2342;961;14;40
202;9;2044;964;17;45
202;-1;2703;961;32;60
202;15;2749;961;23;51
202;2;2491;963;21;62
202;-1;2650;961;15;35
202;-1;2782;961;17;42
202;19;2803;961;17;39
202;11;524;957;48;69
202;7;1096;971;28;86
203;0;2282;961;21;63
203;1;2342;963;14;42
203;9;2044;964;17;42
203;23;2705;959;34;64
203;15;2749;961;23;51
203;2;2491;961;23;64
203;24;2650;961;18;37
203;22;2779;961;20;39
203;19;2803;957;17;46
203;7;1096;971;28;88
203;11;525;959;45;65
204;0;2282;961;21;65
204;1;2343;963;14;42
204;9;2042;964;21;45
204;23;2712;959;27;64
204;2;2493;963;21;64
204;15;2749;959;23;53
204;19;2796;954;22;51
204;22;2777;961;19;39
204;24;2653;961;15;35
204;7;1096;971;30;86
204;11;525;959;42;66
204;10;790;978;30;43
205;0;2282;965;23;59
205;1;2344;955;15;50
205;9;2042;961;21;48
205;23;2716;961;26;60
205;12;2494;965;22;63
205;15;2749;959;23;55
205;19;2794;957;24;51
205;24;2655;961;19;35
205;2;2483;955;11;30
205;7;1099;969;27;88
205;11;522;961;43;64
206;0;2282;965;23;59
206;1;2344;957;15;48
206;9;2042;961;21;48
206;25;2719;961;25;60
206;12;2494;967;22;59
206;26;2655;964;19;32
206;19;2799;959;14;46
206;15;2749;959;21;53
206;2;2483;955;11;30
206;22;2770;961;17;39
206;7;1096;971;28;86
206;11;518;961;49;64
207;0;2282;965;23;59
207;1;2344;955;16;50
207;9;2044;964;17;45
207;12;2496;967;21;59
207;25;2728;964;18;52
207;15;2749;959;21;53
207;26;2655;964;19;32
207;19;2791;954;24;51
207;2;2483;953;11;32
207;22;2770;961;17;39
207;11;518;961;44;66
207;7;1096;971;28;88
208;0;2282;965;25;59
208;1;2346;955;14;50
208;9;2044;964;19;45
208;12;2497;973;22;53
208;25;2733;964;18;55
208;26;2657;966;19;30
208;19;2789;954;26;51
208;2;2486;953;10;32
208;22;2763;959;26;48
208;11;516;959;43;68
208;7;1096;973;28;84
208;27;661;968;45;58
209;0;2284;965;26;60
209;1;2350;955;14;49
209;9;2044;964;19;45
209;12;2499;967;20;59
209;25;2733;957;23;59
209;26;2659;964;17;34
209;19;2789;952;24;53
209;22;2760;959;27;51
209;2;2486;953;11;34
209;11;516;959;43;68
209;7;1096;973;28;84
210;0;2282;963;28;62
210;1;2350;957;15;46
210;9;2044;964;19;42
210;12;2499;965;22;63
210;25;2735;957;28;59
210;26;2661;961;18;37
210;19;2787;954;26;53
210;2;2486;953;11;34
210;11;514;959;44;66
210;7;1096;973;28;82
211;0;2282;963;29;62
211;1;2350;955;17;49
211;9;2044;964;19;42
211;25;2742;959;28;55
211;12;2502;961;22;67
211;19;2787;952;26;53
211;26;2665;959;16;37
211;2;2486;953;11;32
211;28;429;968;43;107
211;11;512;961;46;64
211;7;1096;971;28;86
212;0;2281;965;30;60
212;1;2353;957;14;47
212;9;2044;964;19;42
212;12;2502;963;24;63
212;25;2744;959;33;58
212;19;2784;957;22;50
212;26;2665;961;16;33
212;2;2486;955;13;30
212;7;1096;971;28;84
212;11;510;961;48;65
213;0;2279;967;31;55
213;1;2353;961;15;45
213;9;2042;961;23;48
213;12;2504;963;22;61
213;25;2746;959;31;55
213;19;2784;957;22;53
213;26;2665;954;18;51
213;2;2486;955;13;30
213;7;1094;971;30;86
213;11;507;959;44;67
214;0;2275;961;40;62
214;1;2354;961;15;45
214;9;2042;964;23;45
214;12;2502;963;25;61
214;19;2787;957;16;50
214;25;2756;957;26;60
214;26;2668;954;15;44
214;2;2486;955;13;30
214;7;1092;971;32;88
214;11;506;959;42;67
215;1;2357;961;16;45
215;0;2277;963;39;60
215;9;2042;964;23;45
215;12;2504;965;25;57
215;25;2758;957;26;60
215;19;2784;959;22;48
215;2;2488;955;13;30
215;26;2672;961;15;35
215;7;1092;969;30;90
215;11;503;961;42;64
216;1;2360;963;16;41
216;0;2275;961;43;64
216;9;2042;964;26;42
216;12;2506;967;25;56
216;25;2763;957;24;60
216;26;2672;961;18;35
216;2;2490;955;11;28
216;19;2789;961;14;44
216;7;1094;969;30;90
216;11;500;961;45;63
217;1;2361;961;18;44
217;0;2275;963;41;58
217;9;2042;964;26;42
217;12;2506;965;28;60
217;-1;2744;959;21;50
217;25;2765;957;24;60
217;26;2674;964;18;35
217;2;2491;955;11;28
217;7;1092;969;30;90
217;11;496;961;47;62
218;0;2275;967;35;56
218;1;2363;961;17;44
218;9;2042;964;26;42
218;12;2507;963;27;62
218;29;2742;959;23;53
218;26;2674;964;18;37
218;25;2765;957;26;57
218;2;2491;955;11;28
218;7;1092;969;30;88
218;11;497;957;41;68
219;1;2367;961;16;44
219;0;2274;965;36;58
219;9;2042;964;26;45
219;12;2507;965;29;60
219;29;2744;959;21;53
219;19;2772;954;31;63
219;26;2676;961;18;40
219;2;2491;955;11;28
219;7;1089;966;33;91
219;11;494;957;43;68
220;0;2274;965;28;57
220;1;2368;961;16;44
220;9;2042;964;26;45
220;12;2507;965;29;60
220;29;2742;959;23;53
220;19;2768;952;38;65
220;26;2676;959;18;40
220;2;2493;955;9;28
220;7;1089;969;33;88
220;11;491;961;40;63
221;1;2369;961;16;44
221;0;2269;965;28;57
221;9;2042;964;23;42
221;12;2507;965;27;60
221;19;2775;954;33;63
221;26;2679;959;15;40
221;29;2742;959;23;53
221;2;2493;955;9;28
221;7;1087;969;32;91
221;11;488;959;40;65
222;1;2371;961;14;46
222;0;2270;965;27;57
222;9;2044;964;19;45
222;12;2506;965;30;60
222;19;2779;954;29;63
222;26;2679;959;17;40
222;29;2737;954;21;58
222;2;2491;957;11;26
222;7;1085;969;34;93
222;11;487;961;40;61
223;1;2372;963;14;43
223;0;2269;963;26;58
223;9;2044;964;19;45
223;12;2506;967;30;58
223;19;2787;959;26;58
223;26;2681;959;15;40
223;-1;2758;954;29;53
223;29;2737;954;21;55
223;2;2493;957;9;26
223;11;481;959;41;63
223;7;1082;971;33;89
224;0;2267;965;28;58
224;1;2372;963;16;43
224;9;2044;964;17;45
224;19;2787;959;26;56
224;12;2504;965;30;60
224;30;2758;954;26;56
224;26;2681;959;15;40
224;29;2739;957;17;45
224;2;2491;955;11;28
224;7;1080;971;30;87
224;11;479;957;39;62
225;0;2265;963;27;60
225;1;2376;963;14;45
225;9;2044;964;17;45
225;2;2494;961;47;70
225;19;2791;959;24;56
225;30;2760;952;27;58
225;26;2681;959;15;40
225;29;2737;952;19;55
225;7;1078;971;32;87
225;11;479;957;37;64
225;10;752;975;29;47
226;0;2265;963;27;60
226;1;2377;963;14;45
226;9;2042;964;19;45
226;2;2494;957;47;74
226;30;2763;949;24;61
226;29;2737;952;19;57
226;26;2681;959;17;40
226;19;2796;959;22;56
226;7;1078;971;30;89
226;11;481;959;35;62
226;10;750;975;31;47
227;1;2377;961;16;47
227;0;2262;961;29;62
227;9;2042;964;23;45
227;2;2494;955;46;74
227;19;2796;959;22;56
227;29;2735;952;21;60
227;30;2763;952;24;55
227;26;2681;959;15;40
227;28;390;957;41;67
227;7;1075;966;33;94
227;11;479;957;30;65
228;1;2379;961;16;47
228;0;2258;961;28;60
228;9;2044;964;17;45
228;2;2493;957;47;72
228;29;2737;952;19;60
228;19;2794;957;29;58
228;26;2683;957;20;49
228;30;2765;949;22;58
228;7;1073;966;32;94
228;11;479;959;28;61
229;0;2258;967;26;54
229;1;2381;961;14;45
229;9;2042;964;23;45
229;29;2735;949;23;63
229;2;2493;957;43;70
229;19;2806;959;24;56
229;26;2683;957;22;49
229;30;2765;952;22;58
229;28;386;959;36;62
229;7;1073;966;32;92
229;11;479;959;27;63
230;0;2258;965;26;58
230;1;2385;964;13;43
230;9;2042;964;23;45
230;19;2808;957;24;60
230;29;2735;949;23;63
230;2;2491;955;45;70
230;30;2777;952;26;60
230;26;2685;957;20;46
230;28;384;959;38;64
230;11;466;957;36;60
230;7;1070;969;35;93
230;10;737;975;33;47
230;31;618;969;29;54
231;0;2256;961;26;61
231;1;2385;963;13;44
231;9;2044;964;19;45
231;-1;2811;957;24;60
231;-1;2777;952;26;60
231;2;2486;957;48;70
231;-1;2737;949;19;63
231;-1;2687;959;18;37
231;11;459;957;40;62
231;7;1066;969;42;96
231;10;735;975;33;47
232;0;2253;959;28;63
232;1;2386;963;12;44
232;9;2044;964;17;45
232;34;2775;949;28;63
232;35;2813;954;24;63
232;2;2485;957;49;72
232;33;2737;947;19;65
232;32;2685;954;20;47
232;11;454;957;24;66
232;7;1063;971;36;94
232;10;737;980;29;53
233;0;2251;959;31;63
233;9;2044;964;17;45
233;1;2388;964;15;43
233;34;2777;952;26;60
233;33;2737;949;19;63
233;2;2483;955;51;74
233;32;2685;954;22;50
233;35;2813;954;27;63
233;11;451;954;27;65
233;7;1063;969;31;94
234;0;2247;957;40;64
234;1;2388;964;17;43
234;9;2044;964;17;47
234;2;2483;953;53;80
234;34;2779;954;24;61
234;33;2735;954;23;60
234;32;2685;957;22;49
234;35;2823;961;22;59
234;11;450;954;28;67
234;7;1063;969;31;94
235;0;2246;957;38;70
235;9;2042;964;19;45
235;2;2485;955;48;78
235;34;2779;952;24;63
235;33;2735;954;21;58
235;35;2823;961;26;61
235;32;2687;957;20;49
235;1;2399;964;10;46
235;11;449;957;29;61
235;28;369;963;41;55
235;7;1061;969;33;96
236;0;2244;957;40;68
236;9;2042;964;23;45
236;2;2485;955;44;76
236;33;2735;954;23;58
236;34;2779;949;24;66
236;35;2828;964;24;56
236;32;2687;957;23;49
236;1;2399;961;11;47
236;11;449;957;29;62
236;28;364;959;39;62
236;7;1059;969;33;94
237;0;2242;957;45;64
237;9;2042;964;23;45
237;33;2735;954;23;58
237;34;2779;949;24;66
237;2;2483;955;41;75
237;35;2828;957;26;63
237;32;2687;957;23;49
237;1;2399;959;11;47
237;11;440;957;36;66
237;28;363;963;37;56
237;7;1056;966;36;102
237;10;720;973;32;50
238;0;2244;961;30;57
238;9;2042;966;23;43
238;34;2782;949;24;66
238;2;2482;957;35;73
238;33;2735;952;23;60
238;35;2835;959;27;58
238;32;2690;957;22;49
238;1;2399;959;12;47
238;11;440;961;34;60
238;28;359;963;42;54
238;7;1054;966;38;102
238;10;718;975;34;48
239;0;2244;961;28;57
239;9;2042;966;26;43
239;33;2735;954;23;60
239;34;2782;949;24;68
239;35;2840;957;24;63
239;1;2400;957;15;52
239;32;2692;954;20;52
239;2;2482;961;27;64
239;11;439;959;34;63
239;28;359;963;42;56
239;7;1054;966;35;104
240;0;2242;961;28;59
240;9;2042;966;23;43
240;34;2787;952;28;65
240;1;2400;957;16;53
240;33;2737;954;23;60
240;2;2480;961;29;66
240;35;2842;959;27;63
240;32;2692;954;22;50
240;11;435;961;37;61
240;28;358;967;42;52
240;7;1051;966;38;99
241;0;2242;959;25;64
241;9;2042;966;26;43
241;34;2787;952;28;68
241;33;2739;957;26;57
241;1;2401;959;17;52
241;35;2842;959;32;63
241;2;2479;961;35;68
241;32;2692;957;22;49
241;11;432;957;39;63
241;28;353;963;40;52
241;7;1049;966;38;99
242;0;2240;959;25;64
242;9;2040;966;30;45
242;33;2739;954;26;62
242;34;2787;952;28;68
242;1;2401;959;18;53
242;2;2476;961;40;67
242;35;2847;957;32;68
242;32;2692;957;22;49
242;11;431;959;37;60
242;28;356;961;31;57
242;7;1047;969;38;97
242;10;708;975;34;46
243;0;2236;955;26;68
243;9;2040;966;28;47
243;1;2403;959;19;55
243;2;2472;961;42;66
243;34;2787;954;28;63
243;33;2739;957;26;59
243;35;2849;959;30;66
243;32;2694;959;16;40
243;11;429;959;37;58
243;28;351;961;39;55
243;10;706;972;34;51
243;7;1047;971;31;90
244;0;2236;957;24;66
244;9;2040;966;28;47
244;1;2401;961;21;55
244;2;2466;963;45;68
244;34;2787;952;28;68
244;33;2735;954;23;60
244;35;2849;957;30;63
244;32;2694;959;18;42
244;11;422;957;37;61
244;28;346;959;32;58
244;7;1042;969;36;94
244;10;702;975;33;48
245;0;2235;957;23;66
245;9;2040;966;28;47
245;1;2403;961;19;53
245;2;2464;963;47;70
245;34;2789;952;29;65
245;35;2852;957;29;63
245;33;2737;954;21;60
245;32;2694;959;16;42
245;11;421;955;36;61
245;28;340;955;39;63
245;10;696;972;35;50
246;0;2231;957;27;68
246;9;2040;966;28;47
246;34;2791;949;27;68
246;1;2403;962;21;53
246;35;2854;954;30;68
246;2;2461;965;50;70
246;33;2737;952;21;62
246;32;2696;959;16;42
246;11;418;955;36;63
246;28;339;959;40;57
246;7;1037;969;38;99
246;10;696;972;33;50
247;0;2229;957;31;68
247;9;2040;966;25;47
247;34;2794;949;26;66
247;1;2406;961;22;54
247;35;2857;957;27;63
247;2;2459;965;52;70
247;33;2742;954;21;60
247;32;2696;959;23;47
247;11;418;957;35;63
247;28;337;959;42;55
247;7;1037;969;38;97
247;10;694;977;31;56
248;0;2227;957;31;66
248;9;2040;966;23;45
248;34;2794;949;26;68
248;1;2406;959;22;56
248;33;2742;954;21;60
248;35;2859;954;27;66
248;2;2458;965;53;70
248;32;2696;959;23;47
248;11;415;959;36;61
248;28;335;959;44;55
248;7;1035;969;33;99
249;0;2227;957;29;68
249;9;2042;964;21;45
249;34;2796;949;24;71
249;1;2408;961;22;54
249;33;2742;952;21;62
249;32;2696;959;23;49
249;2;2459;965;47;68
249;35;2862;957;24;63
249;11;412;957;37;63
249;28;335;959;41;58
249;7;1032;969;36;97
250;0;2227;959;26;64
250;9;2040;964;21;45
250;1;2408;959;23;58
250;12;2459;963;40;67
250;33;2742;952;23;62
250;34;2796;949;27;71
250;32;2696;959;23;47
250;35;2869;957;22;60
250;2;2501;953;15;30
250;11;410;957;39;63
250;7;1032;969;34;97
251;0;2223;959;26;63
251;9;2040;959;16;55
251;1;2408;959;23;58
251;12;2456;963;35;68
251;33;2739;952;26;62
251;35;2871;957;20;60
251;34;2796;949;27;71
251;32;2696;959;20;47
251;2;2501;951;13;32
251;11;404;957;38;64
251;7;1030;971;33;95
252;0;2222;957;24;65
252;9;2037;964;21;45
252;1;2408;961;23;56
252;12;2456;961;26;68
252;35;2871;959;20;56
252;33;2739;952;26;62
252;34;2796;949;27;73
252;32;2696;957;20;51
252;2;2501;951;11;32
252;11;401;955;37;65
252;28;324;959;42;56
252;7;1027;969;36;97
253;0;2220;957;24;65
253;9;2037;964;21;47
253;1;2408;963;23;56
253;12;2455;965;22;63
253;35;2871;959;22;58
253;33;2739;954;26;62
253;34;2796;952;29;70
253;32;2696;959;20;49
253;2;2501;953;11;30
253;11;400;957;36;61
253;7;1025;966;34;103
253;27;676;972;34;52
254;0;2218;955;24;67
254;9;2037;964;21;45
254;1;2409;964;23;55
254;35;2874;957;22;60
254;12;2453;965;23;65
254;33;2739;952;26;64
254;34;2799;949;24;71
254;32;2696;957;20;51
254;2;2501;953;11;30
254;11;397;953;38;67
254;7;1025;969;31;100
255;0;2216;955;26;67
255;9;2035;964;23;45
255;1;2409;964;25;53
255;35;2876;957;22;58
255;12;2452;963;22;63
255;34;2806;949;26;71
255;33;2737;952;21;62
255;32;2694;954;18;52
255;2;2499;951;13;30
255;11;393;955;38;65
255;28;319;957;40;61
256;0;2214;955;28;67
256;9;2030;964;24;47
256;1;2409;966;26;51
256;12;2450;961;24;67
256;34;2806;949;26;71
256;35;2876;954;25;61
256;33;2742;954;21;62
256;32;2694;954;20;52
256;2;2501;951;11;30
256;11;392;955;37;63
256;28;317;957;41;61
256;7;1018;971;29;96
257;0;2210;957;30;67
257;9;2030;964;24;47
257;1;2410;966;28;53
257;34;2808;949;27;71
257;33;2742;954;21;62
257;35;2876;954;27;63
257;32;2692;957;22;49
257;12;2445;963;32;67
257;2;2502;951;12;32
257;11;392;957;36;63
257;28;315;959;41;57
257;27;666;974;34;49
257;7;1018;971;29;93
258;0;2208;957;28;65
258;9;2028;966;26;48
258;34;2806;949;29;73
258;33;2739;954;24;65
258;1;2410;964;29;57
258;35;2881;957;27;60
258;12;2443;965;33;63
258;32;2692;957;22;49
258;2;2502;953;10;28
258;11;386;955;38;66
258;28;311;959;45;57
258;27;666;972;34;51
259;0;2206;957;30;65
259;9;2028;966;26;50
259;34;2808;952;27;70
259;12;2443;966;33;66
259;33;2742;954;21;62
259;1;2411;963;31;57
259;35;2886;959;24;58
259;32;2696;959;23;49
259;2;2502;953;12;30
259;11;386;955;38;66
259;28;311;959;45;57
259;27;666;972;34;49
260;0;2204;957;31;68
260;9;2028;966;26;48
260;34;2808;949;27;73
260;35;2886;957;27;60
260;32;2694;957;25;51
260;1;2415;964;31;56
260;33;2742;954;21;60
260;2;2504;953;12;30
260;11;386;955;36;64
260;28;310;959;46;57
260;27;664;974;32;47
261;0;2200;957;33;68
261;9;2028;966;28;48
261;33;2739;952;24;67
261;34;2811;949;26;73
261;35;2889;957;24;60
261;32;2694;957;25;51
261;12;2443;963;34;63
261;2;2504;951;12;34
261;11;382;955;36;64
261;27;662;974;32;47
262;0;2198;957;35;68
262;9;2030;964;24;50
262;33;2739;952;26;67
262;35;2889;957;26;60
262;32;2694;957;27;52
262;34;2811;949;29;73
262;-1;2426;966;23;52
262;2;2504;953;12;32
262;11;379;955;37;64
263;0;2200;959;31;66
263;9;2030;964;26;50
263;33;2739;952;26;67
263;32;2696;959;23;49
263;35;2891;957;27;60
263;34;2811;949;29;76
263;36;2438;965;33;65
263;2;2504;953;12;30
263;11;379;959;37;55
263;28;306;957;41;59
264;0;2198;957;35;68
264;9;2030;964;26;47
264;33;2739;952;26;64
264;35;2891;957;27;60
264;34;2820;947;29;75
264;36;2436;963;35;69
264;32;2696;957;23;51
264;2;2504;953;12;30
264;11;376;959;36;55
264;28;306;959;40;58
265;0;2200;959;33;64
265;9;2030;964;24;50
265;33;2739;952;26;67
265;34;2818;947;31;78
265;36;2435;963;36;67
265;32;2696;959;23;49
265;35;2893;957;27;60
265;2;2507;951;10;34
265;11;379;959;30;55
265;28;306;959;40;56
266;0;2198;957;33;68
266;9;2030;964;21;47
266;33;2739;954;26;65
266;34;2820;949;29;76
266;36;2432;964;34;67
266;35;2898;957;27;60
266;32;2696;957;16;47
266;2;2507;951;12;34
266;11;378;955;28;62
266;28;308;959;34;56
267;0;2200;961;25;62
267;9;2030;964;21;47
267;34;2820;949;29;76
267;33;2739;954;26;65
267;35;2898;957;27;60
267;36;2432;964;34;67
267;32;2696;957;16;44
267;2;2507;953;10;32
267;28;302;959;42;56
267;11;374;955;29;62
268;0;2198;961;25;62
268;9;2030;961;21;53
268;33;2739;954;26;65
268;34;2823;952;26;73
268;35;2901;957;24;60
268;36;2431;963;35;68
268;32;2696;957;14;44
268;2;2507;953;10;32
268;28;302;957;40;54
269;0;2196;961;22;62
269;9;2030;964;19;47
269;34;2823;949;26;76
269;35;2901;954;24;66
269;33;2739;954;26;65
269;36;2428;966;40;65
269;32;2694;959;16;40
269;2;2504;953;12;30
269;11;369;955;29;60
270;0;2196;961;20;65
270;9;2030;961;19;50
270;34;2823;949;29;76
270;35;2903;957;27;60
270;33;2739;954;26;65
270;32;2692;954;20;52
270;36;2430;966;36;63
270;2;2507;953;10;30
270;27;647;972;33;48
271;0;2194;961;20;63
271;9;2028;961;21;50
271;34;2825;949;27;76
271;35;2903;957;27;60
271;33;2737;952;23;67
271;36;2430;968;35;61
271;32;2692;957;20;51
271;2;2507;951;10;32
271;27;644;972;32;50
272;0;2190;961;24;61
272;9;2028;961;21;50
272;34;2825;952;29;73
272;35;2903;957;27;60
272;36;2431;968;35;61
272;33;2737;954;23;65
272;32;2690;957;22;51
272;2;2507;951;10;32
272;28;298;961;35;52
272;27;644;972;32;50
273;0;2188;959;22;63
273;9;2028;961;21;53
273;34;2828;949;26;73
273;37;2465;969;20;50
273;35;2903;954;29;66
273;36;2434;966;30;61
273;33;2737;952;23;67
273;32;2690;957;22;51
273;2;2507;953;10;30
273;28;298;961;35;52
273;27;644;972;30;50
274;0;2186;959;20;63
274;9;2028;961;21;53
274;34;2828;949;26;73
274;33;2735;952;23;67
274;35;2903;954;29;66
274;37;2466;969;22;51
274;32;2690;957;22;54
274;36;2432;964;30;63
274;2;2504;953;12;30
274;28;296;959;39;56
274;11;368;957;41;57
274;27;642;974;30;48
275;0;2184;961;24;61
275;9;2030;961;19;53
275;34;2828;949;29;76
275;35;2906;954;26;66
275;33;2735;949;25;70
275;37;2471;969;22;53
275;32;2687;957;25;51
275;36;2435;964;29;61
275;2;2507;951;10;30
275;28;296;959;39;56
275;11;368;957;41;57
275;27;642;976;30;44
275;7;1003;971;29;91
276;0;2180;961;26;63
276;9;2028;961;21;53
276;37;2472;967;24;55
276;35;2906;954;26;63
276;36;2434;959;28;66
276;33;2735;949;23;67
276;34;2830;949;27;76
276;32;2687;957;25;51
276;2;2504;953;12;30
276;28;296;959;41;56
276;7;1001;969;29;98
276;27;642;974;30;46
277;0;2178;963;28;61
277;9;2028;961;21;53
277;37;2476;969;21;51
277;35;2906;954;29;63
277;36;2434;959;27;66
277;34;2830;949;27;76
277;33;2735;949;25;67
277;32;2687;957;25;54
277;2;2504;953;13;28
277;28;296;959;41;56
277;11;364;959;40;56
277;7;1001;969;26;98
278;0;2176;961;28;65
278;9;2028;959;21;55
278;37;2476;969;23;51
278;33;2735;949;25;67
278;36;2435;957;26;68
278;34;2832;949;30;76
278;35;2906;954;29;63
278;32;2687;957;25;51
278;2;2506;953;13;28
278;28;298;957;37;54
278;7;1001;969;26;98
278;13;498;963;36;131
278;27;642;974;28;46
279;0;2170;968;32;56
279;9;2030;961;19;53
279;34;2832;949;30;78
279;37;2480;967;24;56
279;33;2735;949;25;67
279;36;2436;957;26;68
279;35;2906;954;29;66
279;32;2687;957;23;51
279;2;2507;953;12;30
279;28;296;957;39;52
279;7;1001;969;26;98
279;27;642;974;30;48
279;13;498;964;36;128
280;0;2170;963;30;61
280;9;2028;964;21;55
280;34;2832;949;30;78
280;33;2735;949;25;67
280;36;2436;957;26;70
280;37;2480;965;26;58
280;35;2908;954;27;63
280;32;2687;957;20;51
280;2;2507;951;12;30
280;28;298;957;37;52
280;27;640;972;30;50
280;7;1001;969;26;98
281;0;2168;963;30;62
281;9;2028;961;19;53
281;34;2832;949;30;78
281;33;2735;952;23;67
281;36;2436;957;25;72
281;35;2908;954;27;63
281;37;2482;967;24;58
281;32;2687;959;20;49
281;28;296;957;39;52
281;7;998;966;29;103
281;27;638;972;30;48
282;0;2166;966;32;59
282;9;2025;964;22;52
282;33;2733;952;25;67
282;34;2832;949;32;78
282;35;2908;954;27;63
282;32;2685;957;20;51
282;36;2436;959;25;70
282;2;2482;965;27;62
282;11;363;961;43;52
282;28;296;957;39;52
282;7;996;969;29;98
283;0;2164;961;32;66
283;9;2025;964;22;52
283;33;2733;952;25;67
283;34;2832;947;32;83
283;35;2908;954;27;63
283;32;2685;959;20;49
283;36;2435;963;27;64
283;2;2480;957;39;71
283;28;298;959;33;48
283;11;363;961;41;52
283;7;996;971;29;94
284;0;2164;961;28;66
284;9;2025;964;22;52
284;33;2733;952;25;67
284;34;2832;947;32;80
284;32;2685;959;20;49
284;2;2483;957;39;71
284;35;2908;954;27;63
284;36;2435;961;27;66
284;11;363;961;43;52
284;28;298;957;33;50
284;7;993;971;32;94
285;0;2162;959;28;66
285;9;2025;964;22;52
285;33;2733;952;25;64
285;34;2832;949;30;76
285;32;2681;954;24;54
285;36;2435;957;29;70
285;35;2908;952;27;65
285;2;2482;957;40;69
285;28;298;959;37;50
285;7;993;971;32;94
285;13;491;961;37;133
286;0;2164;961;24;62
286;9;2025;964;22;52
286;33;2733;952;25;67
286;34;2835;949;29;76
286;36;2436;957;32;69
286;2;2482;959;47;68
286;32;2681;954;24;54
286;35;2915;954;25;61
286;28;298;957;37;52
286;7;989;971;31;94
286;13;491;961;37;133
287;0;2160;957;22;68
287;9;2025;964;22;55
287;33;2733;952;25;67
287;-1;2483;955;51;74
287;34;2835;949;29;76
287;36;2436;957;32;67
287;32;2676;954;27;52
287;35;2915;954;25;61
287;28;298;957;37;52
287;7;989;971;31;94
288;0;2160;954;22;71
288;9;2025;964;19;52
288;38;2485;955;48;80
288;33;2733;952;23;67
288;32;2674;954;29;52
288;34;2832;949;32;76
288;36;2439;957;20;72
288;35;2915;954;25;61
288;28;296;957;37;52
288;7;986;971;32;96
289;0;2158;957;24;68
289;9;2025;964;19;55
289;33;2730;952;26;67
289;38;2493;955;43;82
289;32;2674;952;27;56
289;34;2832;949;32;76
289;35;2915;954;27;61
289;36;2439;959;22;68
289;28;296;957;37;50
289;7;986;971;29;103
290;0;2154;959;26;64
290;9;2023;964;21;55
290;33;2730;952;23;67
290;38;2496;953;44;82
290;32;2674;957;24;49
290;35;2910;952;25;63
290;34;2832;949;32;76
290;36;2439;961;20;66
290;28;294;957;39;50
290;7;984;969;31;98
290;-1;633;972;31;47
291;0;2151;959;29;66
291;9;2023;964;21;55
291;33;2730;950;23;69
291;38;2497;955;46;83
291;32;2672;957;26;51
291;35;2915;952;25;63
291;34;2832;949;32;76
291;36;2441;957;23;70
291;28;294;957;39;50
291;7;984;971;31;96
292;0;2151;959;29;66
292;9;2025;966;19;53
292;33;2733;952;23;69
292;38;2499;955;42;83
292;34;2835;949;34;78
292;35;2915;954;25;63
292;32;2674;957;24;51
292;36;2442;959;27;71
292;28;294;957;39;50
292;7;984;964;34;108
293;0;2147;959;33;69
293;9;2025;964;19;55
293;33;2733;952;23;69
293;38;2499;955;37;82
293;34;2835;949;34;78
293;35;2915;954;27;63
293;36;2445;959;20;68
293;32;2674;957;24;53
293;28;294;957;39;48
293;7;984;964;34;108
294;0;2147;959;33;69
294;9;2025;964;22;55
294;33;2733;950;23;71
294;35;2918;954;24;63
294;34;2840;949;29;78
294;38;2501;955;33;80
294;36;2446;961;19;66
294;32;2674;957;24;51
294;28;294;957;39;50
294;7;984;964;34;108
295;0;2147;959;33;66
295;9;2025;964;22;55
295;33;2733;950;25;71
295;35;2918;957;26;60
295;34;2845;949;26;78
295;36;2448;959;20;69
295;32;2676;957;22;51
295;38;2506;953;23;80
295;28;294;957;41;50
295;7;984;964;34;108
295;39;633;974;31;45
296;0;2147;959;31;67
296;9;2025;964;22;55
296;33;2730;950;28;71
296;35;2918;954;26;61
296;36;2448;957;21;73
296;38;2506;951;21;79
296;34;2845;947;26;80
296;32;2676;954;22;52
296;7;984;964;34;110
297;0;2147;959;31;67
297;9;2025;964;22;55
297;33;2730;950;28;71
297;35;2918;957;26;58
297;36;2448;957;21;71
297;34;2828;949;24;78
297;38;2506;949;23;82
297;32;2676;959;20;49
297;7;984;964;34;108
297;39;633;970;31;49
298;0;2147;959;31;67
298;9;2028;964;19;55
298;33;2730;952;28;69
298;35;2918;957;26;58
298;36;2449;959;20;69
298;34;2828;949;21;76
298;38;2506;953;25;76
298;32;2676;959;20;49
298;28;294;957;39;48
298;7;981;964;37;108
299;0;2145;959;29;69
299;9;2028;964;19;55
299;38;2499;953;39;80
299;33;2733;952;23;71
299;36;2450;957;22;71
299;35;2918;957;26;60
299;34;2828;949;21;73
299;32;2676;957;18;51
299;28;294;957;39;48
299;7;981;964;37;108
300;0;2145;959;29;69
300;9;2025;964;22;55
300;38;2494;953;47;83
300;36;2446;957;30;71
300;33;2730;952;26;71
300;35;2918;957;26;58
300;34;2825;947;24;75
300;32;2674;954;20;54
300;28;292;957;39;48
300;7;981;964;37;106
300;13;488;961;40;130
301;0;2145;959;27;67
301;9;2025;964;22;55
301;33;2730;950;23;73
301;36;2446;957;31;71
301;35;2918;957;26;58
301;38;2486;953;57;87
301;34;2825;947;24;78
301;25;2849;954;30;76
301;32;2672;954;20;54
301;28;291;957;40;48
301;7;981;964;34;108
302;0;2143;961;27;65
302;9;2025;964;22;52
302;33;2728;947;25;76
302;36;2446;955;31;73
302;35;2918;954;26;61
302;38;2483;953;62;87
302;34;2823;947;26;75
302;25;2849;957;30;73
302;32;2672;957;20;51
302;28;291;955;40;46
302;7;981;964;34;106
302;-1;631;972;30;45
303;0;2143;959;27;67
303;9;2025;964;22;52
303;33;2728;945;25;78
303;36;2446;955;31;73
303;38;2480;955;60;87
303;35;2918;954;26;61
303;34;2823;947;24;75
303;25;2849;957;32;73
303;32;2670;957;22;49
303;28;291;955;40;48
303;11;359;955;41;52
303;7;979;966;36;104
303;13;486;961;41;131
303;40;629;974;32;41
304;0;2143;957;27;69
304;9;2025;964;22;52
304;33;2728;947;25;76
304;34;2820;947;27;75
304;36;2446;955;31;73
304;35;2918;954;26;61
304;38;2479;959;59;82
304;32;2668;954;24;52
304;25;2849;954;30;76
304;28;289;955;42;48
304;7;979;966;36;104
304;13;486;959;39;133
305;0;2143;957;25;71
305;9;2025;964;24;52
305;33;2726;950;27;73
305;34;2818;944;29;81
305;35;2918;954;26;61
305;36;2446;955;31;73
305;38;2479;955;54;84
305;25;2849;954;32;76
305;32;2665;957;25;48
305;28;296;955;30;46
305;7;979;966;36;104
306;0;2143;959;25;69
306;9;2025;964;24;52
306;33;2726;947;27;76
306;34;2818;944;29;81
306;38;2480;955;51;84
306;25;2852;947;32;83
306;35;2918;954;26;61
306;36;2446;955;31;73
306;32;2665;957;25;48
306;11;359;957;39;49
306;28;289;955;42;48
306;7;979;964;36;106
306;40;627;969;32;46
307;0;2143;957;25;71
307;9;2028;964;21;55
307;38;2485;955;44;84
307;33;2726;947;27;76
307;34;2818;944;29;83
307;36;2453;957;23;69
307;35;2918;957;26;58
307;25;2852;954;29;76
307;32;2665;954;25;56
307;11;359;955;39;51
307;28;289;955;41;46
307;7;979;964;36;108
307;40;627;969;32;46
308;0;2143;957;25;73
308;9;2028;964;21;55
308;36;2453;957;24;71
308;33;2726;947;27;76
308;34;2815;944;32;83
308;38;2491;955;36;86
308;35;2918;957;26;58
308;25;2854;947;30;83
308;32;2665;959;25;51
308;11;359;955;41;50
308;28;291;957;39;44
308;7;979;964;36;108
308;13;486;959;36;133
309;0;2143;959;25;71
309;9;2028;964;21;55
309;36;2456;955;23;73
309;33;2726;947;27;76
309;38;2497;953;36;90
309;34;2813;944;29;83
309;35;2918;957;26;58
309;25;2857;949;27;78
309;32;2661;959;24;51
309;28;291;957;39;44
309;11;359;955;39;51
309;7;979;964;36;108
309;13;486;959;36;131
309;40;627;969;30;46
310;0;2143;959;25;71
310;9;2028;964;21;55
310;36;2456;955;23;73
310;33;2726;947;27;76
310;34;2813;944;29;83
310;25;2857;947;29;80
310;35;2918;957;26;58
310;38;2499;953;32;90
310;32;2661;957;24;53
310;28;294;955;32;46
310;11;359;955;39;51
310;7;979;964;36;108
311;0;2145;959;25;71
311;9;2028;964;23;54
311;36;2458;955;22;74
311;33;2726;947;27;76
311;34;2813;944;29;85
311;25;2859;947;27;80
311;35;2918;954;26;61
311;38;2499;951;32;90
311;32;2663;957;22;53
311;28;289;955;42;48
311;11;359;955;39;51
311;7;979;964;36;106
311;40;627;972;32;45
312;0;2145;957;25;73
312;9;2028;964;23;54
312;36;2459;955;23;74
312;33;2726;947;27;76
312;34;2813;944;29;83
312;35;2918;954;26;61
312;25;2859;947;27;80
312;38;2501;951;30;92
312;32;2663;957;22;53
312;28;289;955;41;48
312;11;359;955;39;51
312;7;979;966;36;104
312;40;627;972;32;45
313;0;2145;957;25;73
313;9;2028;964;23;54
313;36;2459;955;24;74
313;33;2726;947;25;76
313;34;2813;947;27;80
313;25;2859;947;30;80
313;35;2918;954;26;61
313;38;2501;953;30;90
313;32;2661;957;22;53
313;7;979;964;36;108
313;40;625;972;34;45
314;0;2145;959;27;71
314;9;2030;964;24;54
314;36;2461;955;24;76
314;35;2918;954;29;63
314;33;2726;950;25;73
314;34;2813;947;24;80
314;38;2501;953;30;90
314;25;2862;947;27;83
314;32;2661;954;22;54
314;28;291;955;39;50
314;11;368;953;27;55
314;7;979;966;36;106
314;40;625;969;34;48
315;0;2145;959;27;71
315;9;2030;961;24;57
315;36;2462;955;23;74
315;35;2920;954;27;63
315;33;2726;950;25;73
315;34;2813;947;24;78
315;38;2501;953;32;90
315;32;2661;957;22;51
315;25;2864;954;32;76
315;28;291;955;39;50
315;11;359;955;41;52
315;7;979;966;36;104
315;40;627;972;32;43
316;0;2145;959;27;71
316;9;2035;961;23;57
316;36;2462;957;24;72
316;38;2499;953;35;90
316;35;2920;954;27;63
316;33;2728;950;23;73
316;34;2811;947;26;78
316;25;2862;952;34;80
316;32;2661;957;20;51
316;28;291;957;39;48
316;11;359;953;41;56
316;7;979;966;36;104
317;0;2145;959;27;71
317;9;2035;964;23;54
317;36;2464;955;22;74
317;33;2726;950;25;73
317;35;2920;954;27;61
317;38;2499;953;37;92
317;25;2862;952;34;80
317;34;2808;947;27;78
317;32;2659;959;22;49
317;28;291;955;39;50
317;11;368;951;29;57
317;7;979;966;36;104
317;40;625;969;34;48
318;0;2145;957;27;75
318;9;2035;964;23;54
318;36;2464;955;22;74
318;33;2726;947;25;76
318;25;2864;952;32;80
318;35;2918;954;29;61
318;38;2497;953;39;92
318;34;2806;949;29;76
318;32;2659;957;20;50
318;28;289;955;41;50
318;11;363;943;37;66
318;7;979;966;36;104
318;13;483;962;42;127
319;0;2145;957;27;73
319;9;2035;964;23;54
319;36;2464;955;22;72
319;33;2726;950;25;73
319;25;2864;952;34;80
319;35;2920;952;27;63
319;38;2496;953;40;90
319;34;2806;949;26;78
319;32;2657;957;19;50
319;28;289;955;41;50
319;7;979;966;36;104
319;13;484;962;40;126
320;0;2147;957;25;75
320;9;2035;964;23;54
320;36;2464;955;24;72
320;33;2726;947;25;76
320;35;2920;952;27;63
320;25;2867;952;31;80
320;38;2496;955;38;88
320;32;2657;957;19;50
320;34;2803;949;29;78
320;28;289;955;39;50
320;11;368;951;29;58
320;7;979;966;36;104
320;13;486;959;36;134
320;40;625;969;34;46
321;0;2147;957;25;75
321;9;2037;964;21;57
321;36;2464;955;24;74
321;33;2726;947;25;79
321;35;2920;952;27;63
321;25;2869;954;29;78
321;32;2655;957;21;50
321;38;2493;957;34;86
321;34;2801;949;31;78
321;11;359;953;41;52
321;28;291;957;39;46
321;7;979;966;36;104
321;40;625;972;32;41
322;0;2147;957;25;73
322;9;2037;964;21;54
322;36;2464;955;24;74
322;33;2726;947;25;79
322;35;2920;952;27;63
322;38;2494;955;32;87
322;32;2653;957;23;50
322;25;2869;954;29;78
322;34;2801;949;29;78
322;11;363;945;37;62
322;28;289;955;41;48
322;7;976;966;39;104
323;0;2147;957;31;71
323;9;2037;964;21;54
323;36;2464;955;24;74
323;33;2726;947;25;79
323;35;2920;952;27;63
323;38;2493;955;33;87
323;32;2650;957;26;53
323;25;2874;949;27;78
323;34;2796;952;32;77
323;11;366;953;27;55
323;28;289;957;39;48
323;7;976;966;39;104
323;40;622;971;40;44
324;0;2147;957;31;71
324;9;2040;964;21;54
324;33;2723;947;28;79
324;36;2464;955;24;76
324;35;2920;952;27;63
324;34;2794;949;31;78
324;38;2493;955;31;87
324;25;2876;949;25;76
324;32;2650;957;26;53
324;28;289;955;41;50
324;11;366;949;29;62
324;7;976;966;39;106
324;40;627;967;32;48
325;0;2149;957;29;73
325;9;2040;964;21;54
325;33;2723;947;28;79
325;38;2490;955;34;91
325;35;2920;952;27;63
325;36;2465;953;23;78
325;34;2791;949;34;78
325;25;2876;949;27;76
325;32;2650;957;26;53
325;28;289;955;41;50
325;11;361;953;39;56
325;7;976;966;39;106
326;0;2149;957;27;73
326;9;2040;961;21;60
326;33;2723;945;28;81
326;38;2488;955;36;91
326;36;2465;955;23;76
326;35;2918;952;29;63
326;34;2789;954;39;73
326;32;2648;959;26;51
326;25;2879;949;24;76
326;11;361;955;39;54
326;28;289;952;32;53
326;7;976;966;39;106
327;0;2149;957;27;73
327;9;2042;964;19;54
327;33;2723;945;28;81
327;35;2918;954;29;61
327;38;2486;955;36;91
327;34;2787;954;38;75
327;32;2646;959;26;51
327;25;2879;952;24;80
327;28;292;955;34;50
327;11;361;953;39;56
327;7;976;966;37;106
328;0;2149;959;27;71
328;9;2042;964;21;54
328;33;2723;945;28;81
328;35;2918;952;29;63
328;32;2646;959;26;51
328;-1;2466;955;22;74
328;34;2787;954;38;75
328;25;2879;954;24;75
328;28;291;955;37;50
328;7;976;966;37;106
329;0;2149;957;27;75
329;9;2042;964;21;54
329;33;2723;942;28;86
329;35;2920;952;27;63
329;32;2646;959;26;51
329;34;2789;947;34;82
329;-1;2466;957;22;72
329;25;2881;957;29;75
329;7;976;966;37;106
329;40;627;972;32;45
330;0;2151;957;25;75
330;9;2042;964;21;54
330;33;2723;942;28;84
330;35;2918;952;26;63
330;25;2881;954;29;80
330;32;2644;959;26;51
330;34;2787;952;36;77
330;-1;2468;959;18;68
330;41;2504;951;12;30
330;7;976;966;37;106
330;40;624;972;38;45
331;0;2151;959;27;73
331;9;2042;964;23;54
331;33;2723;942;28;84
331;25;2879;954;34;78
331;35;2918;952;26;63
331;32;2644;959;26;51
331;34;2789;947;29;82
331;41;2477;967;34;80
331;28;289;955;39;48
331;7;976;966;37;106
331;13;487;959;35;138
331;40;627;972;32;45
332;0;2154;959;24;73
332;9;2042;966;23;52
332;33;2721;942;30;84
332;-1;2881;954;32;78
332;-1;2642;957;26;52
332;-1;2918;952;26;63
332;34;2789;947;26;80
332;41;2502;953;12;28
332;-1;2476;967;23;73
332;7;976;966;37;106
332;40;627;972;32;47
333;0;2154;959;24;73
333;9;2040;966;28;54
333;33;2721;942;30;84
333;44;2881;954;32;78
333;43;2642;957;23;52
333;45;2918;952;26;63
333;34;2787;947;26;80
333;42;2468;961;29;83
333;41;2502;953;12;28
333;28;294;957;32;46
333;11;358;955;43;52
333;7;976;966;37;106
333;40;627;974;32;43
334;0;2154;959;26;73
334;9;2042;966;26;54
334;33;2723;942;28;84
334;44;2884;954;31;78
334;43;2642;957;21;50
334;45;2918;952;26;63
334;34;2787;947;24;77
334;42;2466;959;31;85
334;41;2502;953;12;28
334;28;294;957;32;46
334;7;979;964;36;110
334;40;627;972;32;47
335;0;2154;959;26;73
335;9;2042;966;26;54
335;33;2723;945;28;81
335;44;2884;954;31;78
335;43;2642;957;21;50
335;45;2918;952;26;63
335;34;2782;947;24;77
335;42;2465;961;29;84
335;41;2502;953;12;28
335;28;294;957;32;48
335;7;979;966;34;106
335;40;627;972;32;47
336;0;2156;959;24;73
336;9;2042;966;26;54
336;44;2886;957;29;75
336;33;2723;945;28;81
336;43;2640;959;21;48
336;45;2918;954;24;61
336;34;2782;947;21;77
336;42;2461;961;32;86
336;41;2502;953;12;28
336;28;294;957;32;48
336;7;979;966;34;106
336;40;627;969;32;48
337;0;2156;959;24;73
337;9;2044;966;24;54
337;33;2721;942;25;84
337;42;2456;955;40;92
337;44;2886;954;29;78
337;45;2918;952;26;63
337;34;2779;947;24;77
337;43;2640;959;19;48
337;41;2502;953;12;28
337;28;294;957;32;46
337;7;979;966;34;106
337;40;627;972;32;43
337;13;489;966;36;48
338;0;2156;961;24;71
338;9;2044;966;24;54
338;42;2452;955;42;90
338;33;2721;945;25;81
338;44;2886;954;29;78
338;45;2915;952;27;63
338;34;2777;949;26;75
338;43;2638;957;17;52
338;41;2502;951;12;30
338;28;291;957;39;46
338;7;979;966;34;106
338;40;629;972;30;45
338;13;489;966;36;50
339;0;2158;959;24;73
339;9;2044;966;24;54
339;33;2721;945;25;81
339;42;2445;955;46;92
339;44;2889;952;26;80
339;34;2777;949;24;78
339;45;2915;954;27;61
339;43;2636;957;19;50
339;41;2502;951;12;30
339;28;294;959;32;44
339;11;358;957;43;48
339;7;979;966;34;106
339;13;489;966;36;50
339;40;627;967;32;50
340;0;2158;959;24;73
340;9;2044;966;24;54
340;33;2721;945;25;81
340;42;2442;963;46;84
340;43;2634;957;21;52
340;44;2891;954;24;78
340;45;2915;954;27;61
340;34;2775;957;24;70
340;41;2502;951;12;30
340;11;358;957;42;46
340;28;294;959;32;46
340;7;979;966;36;106
340;13;489;966;38;50
340;40;629;969;32;48
341;0;2160;959;24;75
341;9;2047;966;21;54
341;33;2721;945;25;81
341;43;2632;957;23;52
341;42;2441;963;41;85
341;34;2772;957;27;70
341;44;2891;954;27;78
341;41;2502;951;12;30
341;11;358;957;43;48
341;7;981;964;32;108
341;13;489;966;36;48
341;40;629;972;30;47
342;0;2162;959;22;75
342;9;2051;964;23;59
342;33;2721;945;25;81
342;43;2630;957;25;50
342;42;2439;963;44;85
342;34;2772;949;27;75
342;44;2893;952;25;70
342;41;2502;951;12;32
342;11;361;955;40;50
342;28;294;957;32;48
342;7;981;964;34;108
342;40;631;972;28;45
342;13;491;966;34;50
343;0;2162;959;22;73
343;9;2051;964;23;56
343;33;2721;945;25;81
343;43;2628;957;27;50
343;42;2438;963;44;85
343;34;2772;949;24;78
343;44;2893;952;25;70
343;41;2502;951;12;32
343;28;296;957;32;48
343;11;361;955;39;50
343;7;981;966;34;106
343;40;631;972;30;45
343;13;491;964;36;52
344;0;2162;959;22;73
344;9;2054;966;20;57
344;33;2721;945;25;83
344;43;2628;955;25;54
344;42;2436;964;44;84
344;34;2765;949;29;77
344;44;2893;957;25;75
344;41;2502;951;12;32
344;28;296;957;34;50
344;11;363;947;38;60
344;7;981;966;34;106
344;40;631;974;30;43
344;13;492;966;35;50
345;0;2164;961;24;71
345;9;2054;966;20;54
345;-1;2721;945;25;83
345;-1;2628;957;25;52
345;42;2471;953;22;79
345;-1;2763;954;31;72
345;-1;2908;952;27;68
345;41;2502;951;12;30
345;28;296;957;34;50
345;7;981;966;34;106
345;40;631;974;30;45
345;13;493;966;34;50
346;0;2164;959;26;75
346;9;2054;969;23;49
346;49;2721;942;25;86
346;42;2471;953;22;79
346;50;2625;957;25;54
346;48;2763;954;31;72
346;47;2906;952;26;70
346;41;2502;951;12;30
346;46;2431;964;37;82
346;28;296;957;34;50
346;7;981;966;34;106
346;40;633;974;29;45
347;0;2166;959;26;75
347;9;2056;966;23;54
347;42;2471;955;22;79
347;49;2721;945;25;83
347;50;2625;959;25;52
347;46;2435;972;36;77
347;48;2765;954;26;72
347;41;2502;951;12;32
347;47;2906;949;26;75
347;28;298;957;33;48
347;7;984;964;31;108
347;40;633;972;31;47
348;0;2168;959;26;74
348;9;2056;966;23;54
348;42;2472;955;22;79
348;49;2721;942;25;86
348;50;2625;959;25;50
348;48;2765;954;26;75
348;46;2438;970;27;78
348;41;2504;951;10;32
348;47;2903;952;29;80
348;7;984;969;31;98
349;0;2168;959;28;72
349;9;2056;966;25;56
349;42;2472;955;22;79
349;49;2721;942;25;86
349;50;2625;959;23;50
349;48;2765;957;26;69
349;47;2903;952;29;80
349;41;2504;951;10;32
349;46;2435;966;26;78
349;7;984;964;34;108
350;0;2168;959;30;74
350;9;2056;966;28;56
350;42;2472;957;22;77
350;49;2721;945;25;83
350;48;2763;957;28;69
350;50;2623;957;25;52
350;47;2901;952;31;80
350;46;2434;964;24;81
350;41;2504;951;12;34
350;7;986;969;32;101
351;0;2168;961;30;72
351;9;2056;966;30;56
351;42;2472;955;22;79
351;49;2721;945;25;83
351;48;2760;957;27;69
351;46;2431;963;25;84
351;47;2898;952;34;80
351;50;2623;957;19;52
351;41;2502;951;12;34
351;7;984;964;34;110
352;0;2168;961;30;72
352;9;2056;966;30;56
352;42;2472;955;22;79
352;49;2721;945;25;83
352;48;2758;957;29;69
352;46;2428;963;27;84
352;47;2898;952;32;80
352;50;2621;957;19;52
352;41;2502;951;12;34
352;7;984;964;34;110
352;40;636;972;32;50
353;0;2168;963;28;70
353;9;2056;966;30;56
353;42;2472;955;24;79
353;49;2719;945;25;83
353;48;2760;949;24;75
353;46;2424;963;29;84
353;47;2898;952;32;80
353;50;2621;957;17;52
353;41;2502;951;12;34
353;7;986;971;32;96
354;9;2054;966;32;56
354;0;2168;966;28;67
354;49;2719;947;25;81
354;42;2471;955;23;79
354;48;2758;952;26;72
354;46;2418;961;35;86
354;50;2619;959;17;49
354;47;2898;952;32;80
354;41;2502;951;12;34
354;7;986;971;32;96
354;40;638;976;28;43
355;9;2054;964;30;58
355;0;2168;966;28;67
355;49;2719;947;25;81
355;47;2896;949;32;85
355;48;2758;949;24;75
355;50;2617;959;17;49
355;46;2414;963;41;84
355;42;2469;955;28;79
355;41;2502;953;10;32
355;7;986;974;32;91
356;0;2170;963;26;70
356;9;2054;964;30;58
356;49;2716;950;26;75
356;47;2896;949;32;85
356;50;2615;959;19;49
356;46;2411;963;38;85
356;42;2469;955;28;79
356;48;2756;952;26;70
356;41;2501;953;11;32
356;7;986;969;32;105
357;0;2170;963;26;70
357;9;2056;964;28;58
357;49;2716;950;26;75
357;42;2468;955;29;81
357;46;2410;968;39;80
357;47;2896;949;32;85
357;50;2613;961;19;47
357;48;2751;957;26;69
357;41;2501;953;11;30
357;28;298;959;39;50
357;7;986;969;32;108
357;40;638;978;30;48
358;0;2172;963;24;70
358;9;2058;964;26;58
358;49;2716;950;23;75
358;42;2468;955;29;81
358;46;2409;968;40;82
358;47;2896;949;32;85
358;50;2611;961;21;50
358;48;2751;957;24;69
358;41;2501;953;11;32
358;11;369;963;43;51
358;28;302;959;40;50
358;7;986;971;32;103
358;40;640;978;30;48
359;0;2174;963;22;70
359;9;2058;964;23;58
359;49;2714;950;25;75
359;42;2466;955;31;83
359;47;2896;944;34;88
359;50;2607;961;23;49
359;48;2751;952;24;74
359;46;2408;963;33;82
359;41;2501;953;11;30
359;7;986;971;34;103
359;40;640;978;28;50
360;0;2174;961;24;74
360;9;2061;964;23;58
360;49;2714;950;25;73
360;42;2466;955;31;83
360;50;2605;961;23;49
360;47;2896;944;34;88
360;48;2749;954;26;72
360;46;2408;963;30;82
360;41;2501;953;11;30
360;28;306;961;33;54
360;7;989;971;31;103
360;40;642;980;28;46
361;0;2178;961;24;74
361;9;2061;964;23;56
361;48;2749;954;26;72
361;49;2714;952;25;71
361;42;2466;955;31;85
361;50;2603;959;25;51
361;46;2406;968;29;78
361;47;2893;944;37;88
361;41;2501;953;11;30
361;28;302;959;40;56
361;7;989;974;31;100
361;40;644;974;26;46
362;0;2178;963;24;70
362;9;2065;966;21;54
362;48;2749;957;23;69
362;46;2405;969;26;77
362;49;2712;954;25;74
362;50;2603;961;25;49
362;42;2465;955;31;85
362;47;2893;947;39;82
362;41;2501;953;11;32
362;28;302;961;42;52
362;7;989;974;31;98
362;40;644;974;28;48
363;0;2180;970;22;65
363;9;2068;966;18;54
363;48;2749;957;23;69
363;50;2601;959;24;51
363;42;2465;957;31;83
363;49;2712;952;27;71
363;47;2893;944;39;85
363;46;2405;968;22;77
363;41;2501;953;11;32
363;28;304;959;40;49
363;7;991;974;34;98
363;40;644;980;30;46
364;0;2180;970;24;65
364;9;2068;966;18;56
364;50;2601;959;22;51
364;48;2746;957;24;69
364;49;2712;957;25;71
364;46;2401;969;25;76
364;42;2465;957;31;83
364;47;2893;944;39;85
364;41;2501;953;10;32
364;28;304;961;40;52
364;7;993;976;32;96
364;40;644;980;30;46
365;0;2180;972;26;63
365;9;2068;966;20;56
365;49;2712;954;25;74
365;46;2400;969;24;76
365;50;2601;961;22;49
365;48;2746;957;24;69
365;42;2465;957;31;83
365;47;2891;947;41;82
365;41;2501;953;10;32
365;28;304;959;42;56
365;7;993;976;32;94
365;40;644;980;30;46
366;0;2180;972;30;60
366;9;2068;968;20;52
366;46;2389;963;33;44
366;49;2710;954;27;76
366;50;2601;961;20;49
366;42;2466;957;31;83
366;48;2744;957;24;69
366;47;2891;947;41;82
366;41;2501;953;11;32
366;28;306;959;40;58
366;11;374;967;29;50
366;7;996;976;29;94
367;9;2068;966;22;56
367;0;2178;972;32;60
367;46;2386;964;36;68
367;49;2710;957;27;73
367;42;2465;957;32;85
367;48;2744;957;24;69
367;50;2599;961;20;49
367;47;2891;947;44;80
367;41;2501;953;10;32
367;28;306;959;40;58
367;11;376;967;27;52
367;7;996;976;29;94
368;0;2180;966;32;66
368;9;2068;968;25;54
368;46;2386;964;36;69
368;49;2710;957;27;73
368;48;2744;957;24;69
368;42;2465;957;32;85
368;50;2597;961;22;49
368;47;2891;947;44;80
368;41;2501;953;10;32
368;28;306;959;40;58
368;11;376;965;27;54
368;7;998;976;27;96
369;9;2068;968;27;54
369;0;2178;970;34;64
369;51;2385;964;13;71
369;49;2707;959;30;71
369;48;2742;959;26;65
369;42;2465;957;31;85
369;46;2399;975;25;72
369;47;2893;952;39;82
369;50;2595;961;20;49
369;41;2499;953;12;32
369;28;308;959;39;57
369;7;998;976;27;94
370;9;2065;968;30;54
370;0;2178;970;34;64
370;51;2385;964;13;72
370;42;2465;957;31;85
370;49;2707;957;30;73
370;48;2742;957;26;67
370;46;2399;975;23;73
370;50;2595;959;18;51
370;47;2889;947;46;80
370;41;2497;953;14;32
370;28;306;959;41;57
370;7;998;976;27;94
370;40;644;978;30;51
371;9;2065;968;30;54
371;0;2178;970;34;64
371;51;2380;968;38;77
371;42;2465;957;31;85
371;48;2742;959;26;65
371;49;2705;959;25;71
371;50;2594;959;17;51
371;47;2891;947;41;80
371;41;2497;953;14;32
371;28;306;959;41;57
371;7;998;976;27;94
371;40;644;980;32;46
372;9;2065;971;30;51
372;0;2180;970;32;64
372;51;2376;970;38;73
372;42;2465;957;31;87
372;49;2705;959;25;71
372;48;2742;959;23;65
372;50;2592;959;17;51
372;41;2497;955;12;30
372;47;2891;952;39;80
372;28;306;959;41;57
372;7;998;976;27;94
372;40;645;978;31;48
373;9;2068;971;27;51
373;0;2180;968;32;66
373;51;2376;970;36;73
373;42;2465;957;31;87
373;49;2705;957;25;73
373;50;2592;959;17;51
373;48;2742;954;23;67
373;47;2893;954;37;78
373;41;2497;953;14;32
373;28;308;959;39;57
373;7;998;976;27;94
374;9;2068;971;27;51
374;0;2182;966;30;68
374;51;2376;968;31;76
374;42;2465;957;31;85
374;49;2705;959;25;71
374;50;2590;959;17;51
374;48;2742;954;23;65
374;47;2893;954;37;78
374;41;2497;953;14;32
374;28;308;961;41;55
374;7;998;976;29;96
375;0;2186;966;24;69
375;9;2068;971;29;51
375;51;2375;963;30;76
375;42;2466;957;30;85
375;49;2705;959;25;71
375;50;2588;959;19;51
375;48;2742;954;23;67
375;47;2889;957;36;75
375;41;2497;953;14;32
375;28;308;961;41;57
375;7;998;976;27;96
375;40;647;978;35;55
376;0;2186;963;26;71
376;9;2070;971;27;51
376;51;2375;963;28;76
376;42;2466;957;31;85
376;49;2705;957;23;73
376;50;2588;961;19;49
376;48;2742;952;23;69
376;47;2891;957;32;75
376;41;2497;953;14;32
376;28;311;961;43;55
376;7;998;976;27;94
377;0;2188;963;22;69
377;9;2072;968;25;54
377;51;2375;963;23;77
377;49;2705;957;23;73
377;42;2468;957;29;85
377;48;2742;952;23;69
377;50;2586;959;21;51
377;47;2891;957;32;72
377;41;2497;955;12;30
377;28;311;963;43;55
377;7;998;976;27;94
377;40;649;978;33;53
378;51;2375;963;23;77
378;0;2192;963;20;69
378;9;2074;968;23;54
378;49;2705;957;23;73
378;42;2468;957;29;83
378;48;2742;954;23;67
378;50;2586;961;21;49
378;47;2874;961;24;61
378;41;2497;955;14;28
378;28;313;963;41;53
378;7;1001;974;24;96
378;40;651;976;33;55
379;51;2373;963;23;77
379;0;2192;963;22;69
379;9;2074;968;23;52
379;41;2469;957;30;85
379;49;2705;954;23;76
379;48;2742;954;23;67
379;50;2582;959;23;51
379;47;2869;961;29;61
379;28;313;963;41;53
379;7;998;976;27;96
380;51;2373;964;22;73
380;0;2196;963;20;69
380;9;2074;968;23;52
380;49;2705;957;23;73
380;48;2742;954;23;67
380;41;2469;959;30;83
380;50;2580;959;25;51
380;47;2869;961;27;61
380;-1;2896;959;32;73
380;28;315;963;41;53
380;7;998;974;27;98
381;51;2372;966;23;71
381;0;2198;963;18;69
381;9;2077;968;20;52
381;41;2469;959;30;85
381;49;2705;954;23;76
381;48;2742;954;23;67
381;50;2580;959;23;53
381;47;2869;961;27;61
381;28;315;961;41;55
381;7;998;974;27;98
381;40;651;974;33;46
382;0;2198;963;20;69
382;51;2372;968;23;67
382;9;2077;968;20;52
382;41;2469;957;32;87
382;49;2705;954;23;76
382;48;2742;954;23;67
382;50;2580;959;23;53
382;47;2867;961;29;61
382;28;315;961;43;55
382;7;998;976;27;94
383;0;2200;963;22;67
383;51;2371;966;24;71
383;9;2077;968;20;52
383;49;2705;954;23;76
383;41;2471;959;30;83
383;48;2742;954;23;67
383;50;2580;959;23;53
383;47;2867;961;29;61
383;28;317;961;41;55
383;7;1001;974;24;96
384;0;2198;963;24;69
384;51;2367;964;24;73
384;9;2079;968;18;52
384;49;2705;952;23;78
384;41;2471;959;30;85
384;48;2742;952;23;69
384;50;2578;959;23;53
384;47;2867;959;26;66
384;-1;2893;954;27;75
384;28;317;961;39;55
384;7;1001;974;24;91
385;0;2198;963;24;69
385;51;2365;963;24;76
385;9;2077;968;20;52
385;49;2703;950;25;80
385;50;2576;959;21;52
385;41;2471;959;28;85
385;48;2742;952;21;69
385;52;2891;954;24;75
385;47;2862;959;27;66
385;28;317;961;39;55
385;7;998;976;27;91
385;40;651;978;33;53
386;0;2198;963;25;71
386;51;2364;963;25;76
386;9;2081;966;21;54
386;49;2703;952;25;80
386;50;2576;959;21;50
386;41;2471;957;28;89
386;48;2742;952;21;69
386;52;2891;954;24;75
386;47;2862;959;27;66
386;28;317;959;41;57
386;7;1001;974;24;91
387;0;2198;963;25;69
387;51;2361;964;27;75
387;9;2081;968;23;51
387;49;2703;950;23;82
387;41;2471;959;28;85
387;50;2576;959;19;50
387;52;2891;954;24;78
387;48;2742;954;21;67
387;47;2862;959;24;63
387;28;317;959;41;57
387;11;393;959;32;67
387;7;998;971;27;94
388;51;2360;963;28;78
388;0;2198;963;25;71
388;9;2081;968;23;51
388;49;2703;952;23;78
388;41;2471;959;30;87
388;50;2576;961;18;48
388;52;2891;954;24;78
388;48;2742;954;21;67
388;47;2862;954;22;68
388;28;319;959;39;57
388;11;393;959;35;65
388;7;998;971;27;94
389;0;2198;961;25;73
389;51;2360;965;26;75
389;9;2081;968;23;51
389;49;2703;950;23;82
389;41;2472;957;30;87
389;52;2891;952;24;80
389;50;2574;961;20;48
389;48;2742;954;21;67
389;47;2862;954;19;68
389;28;321;959;37;57
389;11;393;959;35;65
389;7;996;979;29;88
390;0;2198;961;25;73
390;51;2359;965;25;73
390;9;2079;968;25;51
390;49;2703;950;23;82
390;41;2472;957;30;87
390;52;2889;952;26;80
390;47;2859;954;22;68
390;50;2574;961;20;50
390;48;2742;954;21;65
390;28;321;959;37;59
390;11;395;959;34;65
390;7;993;979;32;88
390;40;653;978;31;51
