450 252 10 23 406 254 10 24 334 253 10 19 
43 248 15 34 176 248 14 27 82 249 12 30 247 247 11 19 

222 252 13 32 

142 48 153 250 
450 252 11 23 406 254 10 23 334 253 10 19 
43 248 16 34 176 249 13 26 82 250 13 28 247 247 11 20 

223 253 15 31 

142 51 153 243 
450 252 11 24 406 254 10 23 334 253 10 19 
44 248 15 34 176 248 14 27 82 249 12 30 247 247 11 20 

224 253 13 31 7 249 21 17 

144 51 150 244 
450 252 10 23 406 254 10 24 334 253 10 18 
44 250 14 33 82 250 12 30 176 248 13 27 248 245 8 20 

224 253 14 31 7 249 21 17 

143 53 154 243 
450 252 11 24 406 254 10 24 335 253 8 18 
82 249 12 31 45 251 13 32 176 248 13 27 248 245 9 20 

225 253 13 30 

146 50 151 250 
450 252 11 24 406 254 10 25 335 255 7 17 
46 249 14 34 81 250 14 30 178 248 12 27 248 244 9 21 

225 253 13 31 

144 52 150 242 
451 252 10 23 406 254 10 24 335 252 8 20 
47 250 13 32 82 249 13 31 178 248 12 28 249 245 9 21 

226 252 13 33 7 249 21 17 

144 57 149 231 
451 252 10 23 406 254 11 24 335 252 8 20 
81 250 15 30 48 250 12 32 179 248 11 27 250 249 7 16 

226 252 14 33 

143 59 149 235 
451 252 10 23 406 253 11 25 335 252 8 20 
81 250 16 30 49 251 12 31 179 248 11 27 95 251 7 17 249 244 8 22 

227 252 13 33 

142 56 152 270 
451 252 10 23 406 254 12 24 335 252 8 20 
49 252 12 30 81 251 15 29 179 249 11 26 249 244 9 21 95 252 7 17 

227 252 13 33 

144 56 152 269 
451 252 10 23 406 253 12 25 335 253 8 18 
50 252 11 29 180 249 10 25 82 252 14 28 251 249 7 16 

227 252 14 33 

144 57 153 270 
451 252 11 24 406 253 13 25 335 253 8 18 
50 252 11 29 180 249 11 26 82 252 14 28 249 247 10 19 

227 252 15 33 

144 59 152 267 
451 252 10 24 406 252 12 26 334 253 9 18 
50 252 11 29 179 248 11 26 83 253 13 27 249 248 10 19 

228 252 14 33 

145 61 153 262 
451 252 10 24 407 252 11 26 334 253 9 18 
50 252 11 29 179 249 11 25 83 253 12 26 249 248 11 18 97 252 8 15 

228 252 14 34 

145 66 153 255 
451 252 10 24 406 252 11 26 334 253 9 18 
50 252 11 30 179 249 11 26 84 254 11 25 249 248 11 18 98 252 7 15 79 248 6 14 

228 252 15 33 

148 65 151 256 
450 252 11 24 406 252 11 27 334 256 7 15 
50 252 11 29 179 249 11 26 84 254 11 25 249 248 11 18 98 253 8 15 78 248 7 15 

230 253 15 31 

145 70 156 243 
450 252 11 24 406 252 11 28 334 255 7 16 
50 252 10 29 179 249 12 26 84 254 11 25 249 248 11 18 99 253 8 15 78 248 6 15 

231 252 14 33 

144 77 160 231 
450 252 11 24 406 253 10 26 332 255 11 17 
50 252 11 30 85 254 9 25 178 249 13 26 249 248 11 18 99 253 8 15 77 249 7 13 

231 253 14 32 

145 80 156 226 
449 252 11 24 406 253 10 26 333 256 8 15 
85 254 9 25 50 252 10 30 177 250 12 24 98 253 9 14 249 248 11 18 76 248 7 14 

231 252 14 33 

144 83 156 227 
406 253 9 26 449 252 11 24 331 255 11 17 
85 254 9 25 49 252 12 30 177 250 12 24 98 252 8 15 249 247 10 19 76 248 7 15 

232 253 13 32 

143 86 160 220 
406 253 9 26 449 252 11 24 331 253 11 18 
85 254 10 25 50 252 11 30 177 250 12 24 98 253 9 15 76 248 7 15 251 250 7 14 

232 253 15 32 

143 84 160 225 
405 253 10 25 449 252 12 24 330 254 11 17 
50 251 11 31 177 249 11 25 85 253 11 25 99 251 9 17 76 247 7 15 250 246 9 19 

233 252 14 33 

145 82 155 231 
405 252 10 25 449 252 11 24 330 253 8 18 
50 251 11 30 84 253 12 25 177 249 11 25 100 250 8 17 75 248 6 14 251 249 7 16 

234 252 14 34 

142 85 156 223 
449 251 11 25 406 252 10 24 330 254 11 16 
50 251 12 30 87 253 12 25 179 249 10 25 100 251 8 15 252 249 7 16 75 248 6 14 

234 252 14 34 17 250 20 18 

142 84 153 231 
406 252 10 25 450 251 10 25 331 252 7 19 
50 252 13 28 87 253 12 24 179 249 11 25 102 251 7 15 75 247 6 15 252 249 7 16 

235 252 14 33 17 250 20 18 

142 82 151 233 
406 252 10 25 450 251 11 25 330 253 8 18 
50 251 14 30 88 253 11 24 179 249 11 25 102 252 8 14 76 247 6 15 251 246 8 19 

237 255 15 30 

143 82 151 234 
406 252 10 25 450 252 11 24 330 253 8 18 
51 252 13 30 88 255 11 23 180 250 10 24 103 253 8 13 76 248 6 14 253 249 7 16 

238 252 14 33 

143 81 151 231 
450 252 11 23 406 252 10 26 331 256 7 14 
50 252 14 30 89 254 10 24 179 249 11 26 103 253 8 12 75 247 6 16 250 246 10 18 

239 252 14 34 

143 80 150 230 
406 252 10 26 450 252 10 23 330 256 7 15 
89 254 10 25 50 252 13 30 179 249 11 26 103 252 9 13 250 246 10 18 74 247 7 15 

240 252 13 33 

143 78 150 234 
406 253 10 26 450 252 10 23 328 254 10 18 
90 253 10 26 179 249 12 26 50 252 14 30 104 253 8 13 251 248 12 17 74 248 7 15 

240 252 13 33 

146 77 149 235 
406 253 10 26 450 252 10 23 328 255 10 17 
90 253 10 26 50 251 14 31 178 249 13 26 105 252 7 14 251 249 12 16 74 248 6 15 

241 252 13 32 

148 82 147 193 
406 253 10 26 450 252 10 23 327 255 11 17 
90 254 11 26 51 251 13 32 178 251 13 25 106 254 7 13 251 249 12 16 74 248 6 15 

241 252 13 32 

151 73 141 244 
406 253 10 26 450 252 10 23 327 254 11 18 
90 253 12 27 51 251 13 31 177 251 15 25 250 249 14 17 107 253 6 13 74 248 6 14 

242 252 13 31 

150 74 143 243 
406 253 10 26 450 252 10 24 327 255 11 17 
90 253 12 26 177 250 15 26 51 251 13 31 251 249 13 17 107 253 7 14 74 248 6 14 

244 253 14 30 23 248 20 50 

152 73 140 245 
406 252 11 26 450 252 11 24 328 256 8 15 
177 251 15 25 90 253 13 26 52 251 12 31 251 249 13 17 107 252 8 14 74 248 6 14 

245 253 13 31 24 250 20 18 

151 70 142 252 
406 252 11 26 450 252 10 24 328 256 7 15 
90 252 13 27 177 251 14 25 52 251 12 31 251 249 13 17 108 251 7 15 74 248 6 14 

246 253 12 30 

148 68 148 251 
406 251 11 27 450 251 11 25 328 256 7 15 
179 249 13 26 54 251 12 30 93 252 12 26 109 252 7 14 252 249 12 17 75 248 6 14 

247 253 13 31 24 250 22 19 

147 61 150 263 
406 251 11 26 450 251 11 25 327 253 7 18 
179 249 13 26 94 252 11 26 54 250 12 31 109 252 8 14 252 249 12 17 74 248 7 15 

248 253 12 31 25 251 21 17 

148 59 144 270 
406 251 11 27 450 251 11 25 327 253 7 18 
180 249 12 25 94 252 12 26 54 250 12 31 110 252 8 14 74 247 7 16 254 251 9 13 

248 253 13 31 26 250 21 19 

145 62 150 261 
407 252 10 26 450 250 11 24 327 252 7 19 
181 249 10 25 95 253 11 25 55 250 11 32 111 252 8 14 252 249 12 17 74 247 7 16 

27 250 21 19 251 253 12 31 

144 61 149 266 
407 252 10 26 450 251 11 25 326 252 8 19 
55 252 11 29 182 248 9 26 96 253 10 25 112 253 7 12 74 248 7 15 251 249 12 16 

252 252 11 32 27 250 21 18 

143 60 150 264 
407 252 10 26 450 251 11 25 326 252 8 19 
96 253 10 25 56 252 10 29 182 248 9 26 113 253 7 13 74 248 7 15 254 250 9 14 

253 252 11 32 30 250 20 18 

144 60 148 264 
406 252 11 27 450 251 11 24 324 253 11 18 
96 252 11 26 56 252 10 30 182 248 9 26 113 253 7 13 251 248 12 18 

30 250 21 18 

140 59 154 267 
406 252 10 27 450 252 11 24 324 253 11 18 
96 252 11 25 182 248 9 26 56 253 11 28 114 254 6 12 251 248 12 17 74 248 6 14 



136 65 161 258 
406 252 10 27 449 251 11 25 324 255 7 16 
97 252 10 25 181 248 11 26 55 252 11 30 114 254 6 11 250 248 11 17 72 249 7 13 

254 252 11 32 

134 68 167 254 
406 252 10 26 449 251 11 25 324 253 7 18 
181 248 11 26 97 252 11 25 55 251 11 31 114 253 6 12 250 249 11 16 72 249 7 13 

255 252 12 31 

129 70 176 249 
405 252 11 26 449 252 11 24 324 255 6 17 
180 248 13 27 97 252 11 26 55 251 12 31 114 253 7 13 249 248 11 18 72 249 7 13 



128 69 179 254 
405 252 11 26 447 252 10 23 322 255 7 16 
180 249 13 26 97 252 10 25 54 250 12 33 113 252 8 15 250 249 10 16 71 250 6 13 

258 253 11 30 

125 69 179 253 
405 253 11 25 447 252 10 23 322 255 7 16 
180 249 14 26 98 253 9 24 54 250 13 31 250 249 10 16 114 252 7 14 71 250 6 14 

258 252 12 31 

125 64 159 259 
405 251 11 27 447 251 11 25 322 253 7 17 
180 248 15 27 54 250 13 31 99 252 9 26 115 252 8 13 250 249 10 16 71 248 7 14 

31 250 22 18 

124 66 155 253 
405 251 11 27 449 251 11 24 321 253 8 18 
180 248 15 27 54 250 14 31 101 252 9 25 116 252 8 13 250 248 10 18 71 248 7 14 

261 252 11 32 32 250 22 19 

123 62 155 258 
405 252 11 26 449 251 11 25 320 253 10 18 
181 248 14 27 54 251 15 30 101 251 10 26 117 252 7 13 250 249 10 17 72 248 7 14 



124 61 152 260 
405 253 11 25 449 251 11 25 320 254 10 16 
180 248 14 27 54 250 14 33 102 253 10 24 117 252 6 13 250 248 10 18 71 248 7 14 

263 252 9 32 

121 66 161 248 
405 253 11 26 449 252 11 23 319 253 10 18 
180 248 14 27 101 253 11 24 55 252 13 31 118 253 6 12 250 248 10 18 70 248 7 14 

265 252 10 32 

122 62 162 255 
405 253 10 26 447 252 11 24 319 255 10 17 
180 249 14 26 102 253 10 25 54 252 14 31 118 253 6 13 249 248 10 18 70 251 6 12 

266 252 9 32 

124 61 158 259 
405 253 10 28 447 252 11 24 318 255 11 17 
102 253 11 25 55 252 13 31 181 249 13 26 118 253 6 13 70 250 7 14 249 248 10 18 

267 255 9 31 36 250 22 19 

123 61 162 259 
404 253 11 27 447 252 10 24 318 255 7 16 
181 247 13 28 101 253 12 25 55 252 12 31 118 252 6 13 69 251 7 13 249 248 10 18 



126 54 160 245 
404 251 11 28 446 252 11 23 317 254 7 18 
55 251 12 31 182 247 12 27 101 252 12 26 118 251 6 15 250 250 7 14 

36 250 22 19 

126 54 163 243 
404 251 11 28 447 252 10 23 317 253 8 18 
55 251 13 31 103 253 11 25 183 246 11 28 118 251 7 15 249 247 10 20 

269 253 9 30 

127 55 161 243 
404 252 11 27 447 251 10 25 317 253 8 18 
56 251 11 31 103 253 11 25 183 246 11 28 119 251 7 16 249 248 10 18 

37 250 22 19 

129 59 156 233 
404 252 10 27 447 251 10 25 317 252 7 19 
55 251 12 32 104 253 10 24 183 246 11 28 119 251 7 17 250 251 7 12 

38 250 21 19 

131 58 154 266 
404 251 11 29 447 252 10 23 316 253 9 18 
56 251 11 31 184 246 10 28 105 253 10 24 120 252 6 15 249 248 10 19 

38 249 22 20 

137 57 141 268 
404 252 10 27 447 251 10 24 316 253 8 18 
56 251 12 31 184 246 10 28 120 253 7 15 107 253 10 23 249 248 10 18 

40 249 21 21 

133 62 149 256 
404 252 10 27 447 251 10 24 316 253 8 18 
56 251 11 31 184 247 10 27 119 253 8 15 108 253 9 22 248 248 11 18 

40 250 21 21 

133 61 146 259 
404 252 10 27 446 251 12 23 316 253 7 18 
56 250 12 32 108 252 10 24 185 248 11 27 120 252 8 13 249 248 10 18 

41 250 21 21 

129 62 156 258 
404 252 10 27 446 251 12 22 316 253 7 17 
108 251 11 26 185 248 12 27 57 251 11 32 122 252 6 12 249 248 10 18 

42 250 22 21 

128 64 160 253 
403 252 11 27 446 251 11 23 315 253 8 18 
107 251 12 25 184 248 14 27 57 254 10 29 122 252 6 12 248 248 11 18 67 248 7 15 

43 250 21 21 

127 62 161 255 
403 252 11 27 446 251 11 24 315 254 7 16 
108 252 12 25 56 252 12 31 184 248 14 28 122 252 6 13 250 250 7 14 68 250 6 15 

43 250 21 21 

128 63 160 252 
445 251 11 25 401 252 11 26 313 253 8 17 
108 252 11 25 55 252 12 31 181 250 17 26 122 252 6 14 247 248 11 18 67 250 6 14 

42 249 23 22 

125 66 164 249 
445 251 11 25 403 252 11 26 313 254 8 16 
109 253 10 24 55 251 12 32 182 249 15 26 122 252 6 14 247 248 11 19 67 251 6 13 

43 250 22 22 

126 68 164 246 
445 252 11 23 403 252 10 26 312 256 9 14 
55 250 12 32 110 253 10 24 183 248 15 28 122 252 6 15 246 248 12 18 

44 250 21 22 

125 67 176 223 
445 251 11 24 401 251 11 28 312 255 9 16 
55 251 13 31 184 248 14 28 111 252 9 25 122 252 7 14 246 248 12 18 

44 250 22 23 

123 69 184 242 
445 251 11 25 403 251 10 27 311 254 12 16 
55 250 14 32 185 248 13 28 112 252 9 25 123 252 6 14 246 248 12 19 

45 250 21 23 

123 68 183 244 
445 251 11 25 401 251 11 27 310 254 13 16 
186 248 12 27 55 250 13 33 112 252 9 25 246 248 11 19 123 251 6 14 

46 249 21 25 

116 59 176 231 
402 252 12 27 445 251 11 25 310 254 13 16 
188 248 11 27 55 250 14 32 114 253 10 23 246 248 11 18 123 251 7 14 

47 250 21 23 

112 60 172 219 
402 252 12 26 445 250 11 24 310 254 13 16 
189 247 10 27 55 250 14 32 114 252 11 24 245 248 12 18 124 251 6 14 

47 250 21 24 

113 54 162 234 
401 252 11 26 445 250 11 24 310 254 13 16 
189 246 10 27 115 252 10 24 55 250 14 32 245 248 12 18 

47 250 22 23 

112 54 160 228 
402 252 12 27 445 251 11 25 309 254 11 17 
190 246 9 27 114 251 12 25 56 250 13 32 245 248 12 18 

49 250 22 24 

113 53 156 232 
402 252 12 27 445 251 11 25 310 256 8 15 
190 246 9 28 115 251 12 26 55 250 15 33 245 248 11 19 126 251 5 17 

49 252 22 22 

112 52 159 230 
402 252 12 28 445 251 11 25 310 256 8 15 
190 247 10 26 116 252 11 25 56 251 14 32 245 249 11 18 

49 253 23 21 281 254 13 32 

112 49 161 230 
445 251 11 25 401 251 11 29 310 256 7 15 
56 251 14 32 117 253 11 24 190 248 10 25 245 249 11 18 

49 252 23 23 

114 47 161 234 
445 251 11 25 401 251 11 29 310 256 7 15 
56 251 14 32 190 248 11 26 118 253 10 24 247 251 8 13 

49 249 23 26 

118 49 161 235 
445 251 11 25 401 251 11 29 309 256 8 15 
57 251 13 32 191 249 13 26 118 253 9 24 243 248 11 18 

49 252 24 23 

124 50 156 242 
401 251 11 29 445 251 11 25 309 256 7 15 
192 249 12 26 57 250 13 33 120 253 10 23 243 248 11 18 

285 254 13 33 50 252 23 23 

125 48 158 253 
403 252 11 28 446 251 10 25 309 254 7 16 
192 249 14 26 122 252 9 23 57 251 13 32 243 248 11 18 

51 249 23 26 285 254 14 32 

127 50 157 252 
403 253 11 27 445 251 11 25 308 253 8 18 
191 248 15 28 121 252 11 23 57 251 13 31 243 248 11 18 

50 251 24 25 286 253 14 34 

125 50 162 243 
445 251 11 25 403 253 11 27 307 253 8 18 
190 248 16 28 122 252 10 23 57 250 13 32 243 248 11 18 

50 251 24 25 287 254 14 33 

126 53 161 242 
401 252 11 28 445 251 11 25 308 253 7 18 
190 247 16 29 57 250 13 33 122 251 10 25 243 248 10 18 

287 254 15 33 52 250 23 27 

126 50 163 251 
445 251 11 25 403 253 11 27 307 253 8 18 
191 248 15 28 122 251 11 25 57 250 13 33 243 248 10 18 

289 254 15 33 52 251 23 26 

128 50 160 251 
403 252 10 27 445 251 10 24 307 254 7 16 
192 248 14 28 57 250 13 33 123 251 10 25 242 248 11 19 

289 255 15 31 52 250 23 27 

135 53 158 243 
403 251 11 28 446 251 9 24 307 254 7 16 
193 248 13 27 58 250 12 34 124 251 9 25 242 248 10 19 

291 254 14 33 51 250 25 28 

135 57 158 233 
445 250 11 24 402 251 12 29 307 253 6 18 
194 247 12 27 57 250 12 33 124 251 9 25 240 248 12 19 

291 253 14 35 51 250 25 28 

136 58 157 223 
402 251 12 29 444 251 11 22 306 254 8 16 
194 246 11 27 57 250 12 32 125 251 8 25 240 248 11 19 

291 254 15 33 51 250 25 28 

137 59 155 230 
401 251 11 29 445 251 10 24 306 253 7 17 
195 246 11 27 56 250 13 32 125 251 10 26 239 249 12 19 

51 250 25 28 293 254 12 34 

137 65 155 215 
402 251 12 29 444 251 11 25 306 255 7 16 
56 250 13 32 196 246 9 27 127 253 10 23 238 249 13 19 

293 255 14 32 55 250 23 28 

139 57 152 237 
403 252 11 28 445 251 10 25 306 254 7 16 
57 250 12 33 196 246 10 27 126 252 12 25 236 249 11 17 

294 254 14 34 55 250 23 28 

139 58 154 239 
403 253 11 28 445 251 10 25 306 254 7 16 
57 249 13 34 196 247 10 26 126 251 14 25 237 250 7 15 243 254 7 11 

294 253 14 35 55 250 23 28 

139 58 154 242 
403 253 11 28 445 251 10 25 306 254 8 16 
57 249 13 34 196 246 11 27 127 250 14 27 235 249 11 17 

295 254 13 34 55 249 23 29 

133 53 169 279 
403 253 11 27 445 251 10 24 306 254 7 16 
56 249 14 34 196 244 12 29 129 250 12 27 234 249 12 16 

54 250 25 28 296 254 14 34 

133 65 162 252 
404 254 11 27 445 251 11 25 305 255 9 15 
57 248 14 35 196 243 13 30 129 251 13 26 234 249 12 16 

55 250 24 29 297 253 14 35 

130 60 156 265 
405 253 10 28 445 251 11 25 306 254 7 16 
57 249 14 35 197 244 14 31 133 251 11 25 234 249 12 16 

298 254 13 34 55 251 24 28 

130 58 154 268 
405 253 11 27 446 251 10 25 306 253 7 18 
199 248 13 27 57 249 15 35 134 251 11 25 241 251 8 14 232 251 7 13 

55 251 25 28 299 254 13 34 

131 57 153 274 
406 252 12 29 446 251 11 25 306 254 7 16 
199 250 14 26 135 253 12 23 58 249 13 34 240 252 9 13 231 251 7 14 

299 253 13 35 54 251 26 28 

132 55 152 279 
406 252 12 29 446 251 11 25 306 254 7 16 
199 251 13 25 58 249 13 35 136 253 12 22 240 253 8 13 230 251 7 14 

300 253 13 36 54 251 26 28 

136 55 157 273 
407 252 11 29 446 251 11 25 304 253 7 18 
199 251 13 25 58 249 13 35 137 253 12 22 228 248 11 20 240 254 8 11 

301 252 13 38 54 250 25 30 

141 59 152 267 
407 251 11 31 446 251 11 25 304 253 7 18 
58 249 13 35 200 251 12 25 139 253 12 22 228 251 7 14 236 250 11 18 

54 251 25 29 301 255 13 35 

140 66 157 224 
407 252 12 30 446 251 10 25 304 253 7 18 
199 250 12 24 58 249 13 34 142 252 11 24 235 249 11 19 227 251 7 14 

51 251 26 30 301 256 13 34 

145 60 149 260 
407 253 12 29 447 251 10 25 304 253 7 18 
199 250 12 24 58 249 13 35 143 252 10 24 235 250 11 19 225 250 7 16 137 253 6 15 

301 255 14 36 51 251 26 30 

150 56 145 268 
409 253 12 29 447 251 10 25 304 253 7 18 
199 248 12 27 60 250 12 33 143 252 12 24 234 249 11 19 225 250 7 16 137 253 7 14 

50 250 26 31 302 255 14 36 

149 63 147 228 
410 252 11 30 447 251 10 25 304 253 7 18 
199 246 12 29 60 251 12 32 147 251 10 25 235 252 8 14 224 250 7 16 138 253 7 14 

303 255 13 36 49 250 27 31 

154 64 145 229 
411 253 10 29 449 251 11 25 304 253 7 18 
199 248 12 27 60 250 12 33 148 252 10 24 139 252 7 14 234 252 9 14 222 248 10 20 

303 255 14 36 49 251 27 31 

154 62 150 230 
412 253 10 29 449 251 11 25 304 253 7 18 
198 246 13 28 60 249 12 35 150 252 9 24 222 248 9 20 139 252 8 14 234 253 8 14 

48 251 28 31 304 256 13 34 

153 54 150 244 
413 253 10 29 450 251 11 25 304 253 7 18 
199 245 12 30 61 250 12 33 221 248 11 20 234 252 8 15 152 252 8 25 140 253 7 13 

48 251 28 32 305 256 13 36 

152 47 151 252 
413 253 11 28 450 251 11 25 304 253 7 18 
198 247 13 28 61 249 13 35 221 248 9 20 153 252 10 24 141 252 8 14 233 254 8 12 

305 256 13 36 46 252 29 32 

152 57 152 269 
413 252 12 30 450 250 11 24 304 253 7 18 
198 247 13 28 60 250 13 33 153 252 12 25 221 248 9 20 141 253 8 13 232 253 7 11 

44 252 32 32 305 256 13 35 

153 55 151 272 
413 252 12 30 450 251 11 22 303 253 8 18 
198 249 12 25 155 252 12 24 60 249 14 35 142 253 8 14 230 251 8 15 220 248 9 19 

305 256 13 36 45 253 29 32 

152 39 153 258 
413 250 13 33 450 251 11 25 303 253 7 17 
198 248 12 26 61 250 13 34 155 251 14 25 143 252 7 13 228 249 10 19 217 247 10 21 

305 256 13 35 46 253 27 32 

151 40 154 255 
415 250 13 34 451 251 10 25 303 253 8 18 
61 250 14 33 198 248 12 26 155 251 16 25 216 247 10 21 229 251 7 15 144 252 7 14 

305 256 13 35 45 253 27 31 

151 40 153 256 
415 251 13 33 451 252 11 23 303 253 7 18 
61 251 14 32 198 248 13 26 159 252 14 23 217 247 9 21 145 251 7 14 228 252 8 14 

306 256 12 35 44 252 27 32 0 256 16 32 

151 33 150 272 
416 251 14 33 452 251 10 24 303 253 8 18 
62 251 14 32 197 248 11 24 216 247 10 23 161 251 14 25 227 253 8 15 146 250 7 16 

306 256 13 36 43 252 28 33 

150 33 150 271 
417 251 13 32 453 251 10 24 303 253 8 18 
62 251 14 32 198 249 12 24 163 251 12 22 216 248 10 22 146 250 8 16 227 252 7 17 

42 251 29 33 306 256 13 36 

149 32 149 267 
417 252 14 31 453 251 10 24 303 253 8 18 
62 250 15 33 167 252 10 24 197 251 10 22 215 249 10 21 148 250 7 17 225 251 8 18 

42 251 28 33 307 256 12 36 

146 33 150 268 
418 252 14 31 454 252 10 23 303 253 8 18 
169 252 10 24 197 251 11 22 62 249 16 35 148 251 8 16 216 252 8 16 225 252 8 17 

42 251 28 33 307 254 13 37 

145 31 149 280 
418 252 13 30 453 251 11 24 303 253 8 18 
196 251 11 22 170 252 9 23 62 250 15 34 149 252 7 14 214 250 11 20 224 252 8 16 

41 250 28 34 307 254 13 37 

142 30 152 282 
418 252 14 31 454 251 10 22 303 253 8 18 
196 251 11 22 62 250 16 34 149 252 8 14 171 252 9 23 221 249 10 21 214 252 8 15 

40 251 29 32 307 254 13 37 

140 30 154 277 
419 252 14 32 457 251 10 22 303 253 8 17 
196 252 12 20 174 252 10 23 66 250 14 33 151 252 7 14 221 249 10 20 214 252 7 15 

308 254 13 38 40 250 29 33 0 249 15 37 

141 31 154 278 
420 251 12 32 457 251 11 22 303 252 7 18 
175 253 10 22 196 251 11 21 66 251 13 32 152 252 6 14 220 248 10 20 211 248 9 21 

308 255 13 37 39 250 30 34 

140 29 153 277 
419 251 13 32 457 251 10 22 302 253 8 17 
196 250 10 23 175 249 12 26 151 252 7 14 66 252 13 30 211 251 7 16 

307 255 13 37 36 249 30 35 

138 31 156 273 
419 251 12 32 457 252 9 22 302 252 7 18 
196 251 10 21 176 251 13 25 66 251 13 32 152 252 7 14 210 251 7 16 219 250 7 17 

35 250 30 33 307 255 13 37 180 256 13 20 

136 31 159 276 
419 251 13 32 457 252 10 23 301 252 10 19 
177 251 15 26 196 251 10 21 66 252 13 31 152 252 8 14 209 251 8 16 219 249 7 19 

307 256 12 36 34 250 31 33 179 257 14 20 

137 31 156 274 
419 251 13 33 457 252 11 23 301 252 10 19 
180 251 12 25 196 251 10 21 67 252 13 31 216 249 9 21 152 251 9 14 209 251 7 16 

35 250 29 33 307 256 12 36 178 258 14 19 

136 33 156 268 
419 253 14 31 458 252 11 23 302 252 8 19 
182 252 12 25 67 253 14 31 196 250 9 22 214 249 10 21 154 251 9 15 208 251 7 17 62 248 6 15 

308 256 12 35 34 251 28 33 

136 33 156 262 
419 253 14 30 459 251 10 25 302 252 7 19 
183 252 10 24 68 254 13 29 154 252 9 14 196 250 9 22 217 251 6 18 205 251 7 17 61 248 7 15 

29 251 34 32 307 256 12 36 

136 40 156 254 
419 253 14 30 459 249 10 25 302 252 7 19 
187 252 9 24 69 254 13 29 154 252 9 14 196 250 9 22 215 248 9 22 61 248 7 15 205 251 7 17 

30 251 29 34 307 256 12 36 178 258 14 19 

134 38 159 259 
419 253 15 30 460 249 10 25 302 252 7 19 
70 257 13 26 189 252 8 23 155 253 9 13 213 248 11 21 196 250 10 22 63 248 6 14 205 251 7 17 

29 251 29 33 307 256 12 36 

134 40 158 255 
418 253 17 31 463 248 10 26 302 252 7 19 
71 254 13 29 189 250 10 24 213 248 10 21 156 253 8 13 63 248 7 15 201 251 10 20 

29 250 28 35 307 256 12 35 

128 41 156 251 
419 253 17 31 463 249 11 25 302 252 8 18 
71 253 13 31 212 248 11 22 192 249 13 24 157 252 8 15 63 248 7 15 

307 256 12 35 26 250 30 35 

129 43 156 252 
419 253 18 31 464 248 11 26 302 252 8 19 
193 250 12 23 73 252 13 32 212 248 11 21 158 251 8 14 63 248 7 15 

306 255 13 37 24 252 33 32 

127 46 159 245 
418 253 19 31 465 249 10 26 301 251 10 20 
194 250 14 24 73 252 14 31 211 249 9 21 159 251 7 13 63 248 8 15 

306 255 13 37 24 252 33 32 

128 44 155 250 
416 251 23 33 465 251 11 25 301 252 10 19 
74 253 13 29 195 250 13 23 211 249 9 22 160 251 6 18 63 248 8 14 

306 255 13 37 19 252 34 32 

126 43 159 252 
415 251 24 33 466 251 11 25 301 252 10 19 
74 254 14 27 211 249 9 21 195 249 12 24 160 249 7 17 63 248 8 14 

305 255 14 38 21 251 30 33 

128 42 156 259 
469 251 11 25 416 251 24 32 301 252 11 19 
74 254 15 27 201 250 10 24 211 251 9 19 161 251 8 15 64 248 7 14 

305 255 14 38 19 251 31 34 

127 40 156 261 
470 252 12 23 416 252 24 33 301 251 11 20 
75 254 14 27 194 249 10 23 162 252 8 14 65 248 7 14 211 250 9 21 

305 254 14 39 15 251 34 33 173 259 13 17 

127 40 154 259 
471 251 12 24 416 252 24 33 302 252 10 18 
75 253 17 29 194 249 9 23 203 249 10 25 163 253 7 13 66 248 6 14 

305 254 14 40 13 250 34 33 

128 36 150 265 
415 254 22 28 473 251 11 25 302 252 10 19 
76 254 16 27 193 250 10 22 163 252 8 15 203 249 10 24 66 249 7 12 

305 254 13 38 12 251 34 33 171 256 14 22 

128 37 150 263 
475 251 12 25 414 253 21 30 301 252 11 19 
76 253 17 29 206 248 13 26 194 250 9 22 164 250 8 17 66 248 7 14 

304 254 14 38 12 250 31 34 

125 38 152 255 
476 251 12 25 414 253 17 29 301 252 11 19 
76 253 17 29 194 250 9 21 206 248 14 26 164 250 8 17 67 248 6 14 

304 254 14 38 9 251 30 34 

124 33 155 263 
477 251 11 25 411 253 18 29 302 252 8 19 
76 253 16 29 208 248 13 25 165 249 7 18 193 250 10 21 66 248 7 14 

303 254 14 40 5 251 32 33 

125 37 151 261 
478 251 11 26 412 253 15 29 302 252 8 18 
75 253 18 29 209 249 12 26 165 249 8 18 192 248 8 23 66 248 7 14 

302 254 15 40 5 251 30 33 

123 34 148 267 
479 252 11 25 411 253 16 28 302 253 8 17 
75 254 18 29 212 250 11 24 200 248 11 22 166 250 7 17 191 247 9 24 67 248 6 14 

1 250 32 33 300 253 16 42 

123 38 148 264 
410 253 16 29 478 252 13 25 301 253 8 18 
74 254 17 28 213 250 10 23 166 250 7 18 201 248 10 22 192 247 7 24 66 248 7 14 

300 255 14 38 0 250 31 34 

122 41 148 261 
409 253 16 30 482 252 11 25 301 253 8 18 
69 250 28 35 166 250 7 18 214 250 10 23 191 247 8 24 202 247 10 23 

299 255 14 37 1 250 27 34 

122 46 149 253 
409 252 16 30 483 252 11 26 301 252 8 19 
68 249 29 36 203 247 9 23 191 247 8 24 166 249 7 18 216 250 9 22 

299 255 13 38 1 250 26 35 

123 50 148 243 
483 252 12 25 407 251 17 32 301 252 10 19 
68 249 27 35 191 247 8 25 216 249 9 24 203 247 9 23 166 250 7 17 
437 249 26 36 
298 254 14 39 0 250 23 36 

120 55 152 242 
484 252 12 26 406 252 14 29 301 252 10 19 
67 250 27 33 191 247 8 25 214 249 13 24 203 246 9 24 167 249 9 21 

297 253 14 40 0 249 22 37 

122 67 149 249 
405 254 15 27 486 252 11 25 301 252 10 19 
66 249 28 34 220 250 10 23 191 246 8 27 203 246 9 25 167 249 10 21 
433 249 24 34 
297 254 14 38 0 250 22 35 

119 64 153 253 
405 253 15 29 489 253 10 25 302 252 8 19 
221 249 10 25 66 248 27 35 190 246 10 26 209 248 9 24 169 251 8 15 
432 249 24 35 488 249 11 36 
296 255 15 39 0 249 20 37 94 255 16 26 

119 66 153 250 
404 252 16 30 490 252 9 26 302 252 8 19 
222 249 10 25 64 248 27 35 208 247 10 25 191 246 8 26 169 250 8 16 
481 248 18 40 
294 254 15 42 0 249 19 37 

118 59 154 231 
403 251 15 30 490 253 9 25 301 252 8 18 
223 249 9 25 208 248 10 24 63 249 28 35 191 246 8 26 169 250 8 16 
480 249 19 38 
293 255 15 40 

116 56 154 232 
401 250 17 31 301 252 8 19 490 253 9 25 
208 247 11 26 190 247 9 26 62 248 30 37 169 251 8 15 224 248 9 26 0 249 4 32 
478 248 21 37 
293 255 13 39 

117 57 153 233 
399 250 20 32 302 252 7 19 491 253 8 26 
61 248 32 39 209 248 10 24 190 248 9 25 227 252 9 23 169 251 8 16 0 253 6 26 
477 249 22 36 
293 254 13 40 

115 54 155 239 
398 249 22 34 301 252 10 19 
61 248 31 39 209 248 10 25 190 248 9 25 227 252 10 23 169 249 9 21 0 253 8 26 
476 249 23 35 423 252 26 29 
292 254 14 40 

114 52 154 239 
397 250 22 32 301 252 10 19 
61 248 30 37 190 248 10 25 229 252 9 23 209 246 10 27 170 251 8 17 0 252 9 26 
473 250 24 34 421 250 23 32 
291 254 14 39 

113 53 157 237 
397 251 22 29 301 252 10 19 
209 246 10 27 190 247 10 25 229 251 11 25 61 249 25 36 170 251 8 16 0 250 9 28 
473 250 23 36 419 251 24 30 
290 254 15 40 

114 48 158 244 
397 251 17 28 301 253 10 18 
209 246 11 27 190 247 10 25 60 249 23 36 232 250 11 24 171 250 7 17 0 251 10 27 
471 251 24 34 418 252 25 29 
289 255 17 40 

118 58 156 263 
397 251 16 28 301 253 10 18 
210 246 10 28 190 248 10 25 234 250 10 24 60 251 18 32 171 248 9 22 1 249 12 29 
468 250 27 36 417 253 25 28 
289 253 15 43 

116 50 161 241 
397 251 15 28 301 253 11 18 
235 250 11 27 1 249 13 30 212 247 12 27 191 249 10 24 59 252 18 32 171 249 10 21 71 247 8 13 
466 251 28 35 415 254 27 27 
288 253 16 42 

117 44 157 248 
396 251 14 29 301 253 11 19 
212 248 12 27 235 250 13 26 2 250 14 28 192 249 11 25 58 251 23 34 172 249 9 21 72 247 7 14 
464 248 29 37 
287 253 16 42 

118 42 155 253 
395 251 14 30 300 252 13 20 
212 248 12 27 3 250 13 30 192 249 11 25 56 251 24 33 237 250 13 27 172 251 8 16 
463 249 28 35 
287 255 13 38 

119 40 156 254 
394 249 14 33 300 253 12 20 
3 251 14 30 54 251 26 33 212 248 12 27 238 250 12 27 192 249 11 25 172 251 8 16 71 248 8 13 
462 250 27 33 412 252 24 27 
286 256 14 37 

119 43 156 253 
392 250 14 31 300 253 11 20 
3 251 14 30 213 248 11 27 50 251 28 35 190 248 10 25 239 249 11 26 172 250 7 18 71 248 8 14 
457 248 28 36 410 251 18 28 
283 255 16 39 138 258 15 18 

118 41 156 250 
391 250 14 31 300 253 12 20 
3 252 15 29 213 248 12 26 48 252 30 35 240 249 10 26 191 248 9 24 172 250 7 18 71 248 8 14 
456 248 27 34 407 250 23 29 
282 256 17 38 

120 45 157 249 
390 250 15 32 300 253 12 20 
214 247 11 27 240 249 11 26 3 252 16 28 44 252 35 37 191 248 9 25 173 250 7 18 70 248 9 14 
454 248 26 36 405 249 24 30 
283 254 15 42 

119 45 155 255 
389 249 17 33 300 253 11 20 
215 246 10 28 6 251 16 30 44 253 34 35 241 249 11 26 193 248 9 25 173 250 10 20 71 248 8 14 
453 249 27 35 404 250 25 28 
282 254 16 41 

119 48 157 247 
388 249 16 32 300 252 10 20 
216 246 10 28 6 251 17 30 242 249 10 26 193 247 9 26 44 253 34 34 173 250 10 20 71 247 9 15 
452 249 25 35 403 251 26 27 
281 255 14 42 

118 55 157 238 
388 250 15 31 300 252 10 20 
216 246 10 29 193 247 9 26 7 250 17 31 45 252 30 34 243 249 10 26 173 250 10 21 72 247 8 15 
450 249 26 35 
280 254 15 41 

121 58 156 236 
388 249 14 32 300 252 9 19 
45 252 26 34 8 250 17 31 193 247 10 26 216 246 11 29 246 249 9 25 173 250 10 20 72 247 9 15 
450 249 25 35 
280 254 14 42 

122 58 154 235 
386 249 13 31 300 251 7 22 
7 250 18 30 43 252 23 36 192 247 11 26 247 249 9 25 216 246 11 29 173 250 10 21 72 247 8 15 
446 248 25 36 
279 254 14 42 

125 67 146 249 
385 249 12 31 299 252 9 19 
7 251 18 31 43 251 16 36 247 250 9 23 216 246 11 29 192 247 11 26 173 250 7 18 72 247 7 15 
443 248 26 36 
278 255 14 40 

124 63 147 253 
384 249 13 31 299 252 9 20 
7 252 18 31 42 254 14 32 248 250 9 24 192 248 11 25 216 246 12 29 173 250 7 18 72 247 7 15 
442 249 25 34 
277 254 13 42 

123 68 152 245 
383 249 13 31 298 253 10 18 
8 253 18 29 42 253 14 34 248 250 10 24 193 247 9 26 216 246 11 29 173 250 9 21 72 247 7 13 
440 247 25 36 
276 254 14 43 

123 72 153 235 
382 248 14 33 298 253 10 18 
8 253 19 30 249 249 9 25 40 252 15 33 221 246 10 28 192 247 8 27 173 250 7 17 72 246 7 15 
438 248 25 35 394 249 23 30 
275 255 12 39 

124 71 152 215 
381 248 15 33 296 252 10 20 
220 246 11 29 249 249 11 25 8 254 20 28 38 252 16 36 193 248 9 26 172 248 8 22 72 246 7 14 
437 248 25 34 393 250 23 28 
274 255 12 40 

127 68 152 245 
379 250 15 31 296 252 10 20 
193 248 9 26 221 246 11 30 249 248 12 26 10 254 20 28 172 251 8 17 38 252 16 37 73 247 7 14 
436 248 25 34 392 250 24 28 
274 256 12 38 

126 65 152 225 
378 250 15 31 295 253 11 21 
221 246 10 29 193 248 9 26 252 249 10 25 35 251 19 34 9 253 22 31 172 251 8 17 73 247 6 14 
433 248 25 34 390 250 26 27 


125 67 153 221 
377 249 15 32 295 252 12 22 
221 246 11 30 34 254 23 35 193 248 9 26 253 250 10 24 11 252 21 32 173 250 10 21 73 247 7 14 
433 248 25 34 390 250 25 27 
120 256 17 23 

127 65 152 250 
376 250 16 31 295 253 12 21 
221 246 11 30 253 249 11 25 13 252 23 31 193 248 9 25 173 250 10 21 35 253 22 34 74 247 7 14 
433 248 24 34 
119 258 17 20 

126 68 154 217 
374 249 17 32 295 253 12 21 
254 249 10 25 221 246 11 30 193 247 9 28 173 249 10 22 35 252 21 34 16 253 22 29 74 247 7 14 
432 247 23 35 


128 68 149 211 
374 249 17 33 295 253 12 20 
192 247 11 28 254 249 11 25 222 247 11 29 173 250 10 21 21 253 17 29 74 248 7 13 
430 248 24 33 


129 69 148 211 
374 250 17 31 296 253 10 20 
192 247 11 28 255 249 10 25 173 250 10 22 222 247 12 29 30 253 24 36 74 247 7 14 
429 249 23 34 


128 60 150 227 
374 250 17 31 296 253 11 20 
192 246 11 29 255 249 11 25 29 253 24 35 226 245 12 31 173 250 10 21 76 247 6 15 
427 249 23 31 386 250 23 27 


130 62 146 256 
373 250 17 31 296 253 10 20 
192 247 12 29 225 245 13 32 28 252 26 37 256 249 11 25 173 250 10 21 76 247 6 15 
429 250 19 30 387 251 22 26 


126 60 152 227 
373 250 17 31 296 253 9 20 
192 248 11 27 26 253 24 37 226 246 12 31 258 250 11 24 173 249 6 20 76 246 6 16 
428 249 17 31 386 250 23 27 


125 61 154 258 
373 251 13 29 296 252 9 20 
226 246 12 31 192 248 11 27 259 249 10 25 27 252 26 35 173 249 6 20 76 247 6 15 
426 248 19 31 388 250 18 24 


125 51 154 243 
373 252 12 28 296 253 9 20 
227 247 11 30 192 249 11 26 259 249 10 25 25 252 25 36 173 250 6 18 76 247 6 15 
385 249 23 26 


121 54 160 232 
372 251 11 29 295 253 10 21 
227 246 11 31 259 249 10 25 173 250 6 18 191 248 10 27 24 253 27 35 74 248 7 14 
424 249 17 30 


117 57 165 230 
372 251 10 29 296 253 9 21 
227 246 11 31 259 249 12 25 24 253 26 34 193 248 9 27 172 250 7 19 76 247 6 15 



117 53 163 237 
371 251 10 29 296 253 9 21 
228 246 11 31 260 249 11 25 24 254 24 33 191 248 9 26 171 249 9 22 45 252 16 29 76 246 6 16 



115 56 166 231 
369 252 12 27 295 253 10 21 
228 246 12 31 260 249 11 25 25 254 24 33 47 254 14 27 170 249 10 22 191 248 9 27 76 246 6 16 



114 53 163 240 
368 251 10 29 295 252 9 22 
229 246 11 31 260 248 12 27 49 255 14 25 27 254 22 33 170 249 10 22 191 248 9 27 76 247 6 14 



111 52 162 244 
366 252 11 27 295 251 9 22 
229 246 11 31 260 249 12 26 26 253 22 34 50 255 15 26 191 247 9 28 170 249 10 22 74 247 7 14 
423 250 24 29 382 251 22 25 


100 49 185 251 
365 253 13 26 295 251 9 22 
229 246 12 30 261 249 11 25 53 255 14 27 27 253 20 34 191 247 9 27 170 249 10 22 76 247 6 15 
422 249 25 30 
268 254 12 45 

89 57 204 241 
364 252 13 28 295 251 9 22 
54 255 14 27 261 249 11 25 230 246 11 30 27 252 20 34 190 247 10 27 169 249 11 22 74 247 7 14 
382 251 22 26 
267 255 12 40 

76 59 201 238 
363 252 14 28 295 252 9 23 
56 255 14 26 261 248 11 26 230 246 11 31 28 250 19 36 190 246 11 29 169 249 11 23 74 247 7 14 
382 250 21 24 
267 254 11 41 

84 69 188 239 
362 252 14 29 295 252 9 23 
28 250 20 36 190 245 11 30 57 255 14 26 261 248 12 26 231 246 12 31 169 249 11 22 75 247 8 14 
382 249 21 25 
267 254 11 41 106 257 16 21 15 253 26 69 

74 72 201 236 
359 254 16 27 296 251 8 22 
231 246 12 31 59 254 15 28 29 250 18 37 190 245 11 29 261 247 12 28 169 249 10 23 76 247 7 14 

267 254 11 41 106 257 17 21 

76 87 193 201 
359 253 14 26 295 252 9 23 
231 246 13 32 190 246 10 28 29 250 18 36 60 254 15 28 262 247 11 28 169 249 9 23 76 246 7 15 
382 249 21 25 
267 253 10 43 106 256 16 23 

76 86 187 203 
358 252 14 27 295 252 8 22 
231 246 13 31 190 247 10 28 29 250 17 36 262 247 11 28 169 249 8 22 61 254 15 28 

266 253 12 44 105 255 16 24 

66 91 198 198 
357 253 15 27 294 252 9 23 
231 246 13 32 190 247 10 29 29 250 17 36 262 248 11 27 60 253 17 31 168 249 9 22 

265 254 12 41 

61 94 204 194 
356 252 15 29 294 252 9 23 
190 247 10 28 231 245 13 33 262 248 11 26 27 251 20 36 168 250 9 21 61 252 18 32 

265 255 12 39 105 255 16 23 

56 89 218 209 
356 251 13 30 294 252 9 23 
189 247 11 28 231 246 13 32 60 249 24 34 168 250 9 21 28 251 19 35 262 248 11 26 
382 249 21 24 
264 255 13 39 

51 90 227 209 
355 251 14 29 294 252 8 22 
189 247 10 28 231 246 13 31 167 249 10 22 28 249 20 38 262 247 11 26 60 249 24 34 

264 255 13 39 

51 89 227 211 
354 251 12 29 294 252 9 23 
190 247 10 28 29 249 22 36 232 247 12 30 61 250 29 33 166 249 11 22 265 249 11 24 

261 256 14 41 

50 88 229 213 
354 251 11 30 294 252 9 22 
189 247 11 28 62 249 29 35 232 246 12 31 30 249 20 35 165 249 12 22 265 248 11 25 

262 254 13 41 

47 89 233 212 
353 250 11 30 294 252 9 22 
62 249 29 37 189 247 10 28 163 248 13 22 231 246 13 31 265 248 11 25 30 249 20 35 

261 255 13 40 

46 85 236 221 
353 251 11 29 294 253 8 21 
188 247 11 28 66 248 27 39 163 248 12 22 231 246 13 31 265 248 11 25 31 251 15 35 
382 249 20 24 
261 254 13 41 

44 84 241 223 
351 251 12 29 293 252 9 23 
188 247 10 29 69 247 25 40 163 249 11 21 232 247 12 30 31 251 14 35 265 248 11 25 
381 249 21 24 
261 254 12 41 

49 84 232 223 
351 251 12 29 293 252 9 23 
188 246 10 30 70 248 26 40 232 246 13 32 162 249 12 22 265 248 10 25 32 250 16 35 

260 254 13 41 

51 83 229 225 
