420 251 12 29 453 252 10 25 
32 249 15 37 80 252 12 30 183 249 9 25 68 251 12 21 250 246 10 22 

202 254 11 28 
420 251 12 29 453 252 10 25 336 254 6 18 
32 249 15 37 183 249 9 25 79 252 13 30 250 246 10 22 

202 253 12 29 
420 251 12 29 453 252 10 25 336 254 6 18 
32 249 15 37 183 249 9 25 79 252 13 30 250 246 10 22 

203 253 11 29 
420 251 12 29 453 252 10 25 335 254 7 18 
32 249 15 37 183 249 9 25 77 253 14 28 250 246 10 22 

203 254 12 28 
420 251 12 29 453 253 10 24 335 254 7 18 
31 249 17 37 182 249 9 25 77 253 14 29 250 246 10 22 

203 253 12 29 
419 252 13 28 453 253 10 24 335 254 7 18 
30 248 16 38 182 249 9 25 77 253 14 29 250 246 9 22 

203 253 13 29 
419 252 13 28 453 253 10 24 335 254 7 19 
30 248 16 39 182 249 10 25 76 252 14 30 250 246 9 22 

204 253 14 29 
419 252 12 28 453 253 9 24 335 254 7 19 
30 248 16 39 182 249 9 25 77 253 12 29 250 246 9 22 

204 253 14 29 
419 252 12 28 453 253 9 24 335 253 7 18 
30 247 15 40 182 249 9 25 76 253 13 29 250 246 9 22 

204 253 14 29 
418 252 13 27 453 253 9 24 335 253 7 18 
30 248 15 38 181 249 10 25 77 253 11 29 250 246 9 22 

204 254 14 28 95 254 13 10 
418 251 13 28 452 253 10 24 335 253 7 18 
30 249 14 37 181 249 10 25 76 253 12 29 250 246 9 22 

204 254 14 28 
418 251 13 28 452 252 10 25 335 253 7 18 
30 249 14 37 181 249 10 25 76 252 12 30 250 246 9 22 

205 254 14 28 
418 251 13 28 452 252 10 25 335 253 7 18 
30 249 14 37 181 249 10 25 75 252 13 30 250 246 9 22 

205 254 14 28 
418 251 13 28 452 252 10 25 335 253 7 18 
29 249 15 36 181 249 10 25 75 252 13 30 250 246 9 22 

205 254 14 28 
418 252 13 27 451 252 10 25 335 253 7 18 
28 249 15 36 181 249 10 25 74 251 14 31 250 246 9 22 

205 254 14 28 
417 252 14 27 451 252 10 25 335 255 7 17 
28 250 15 35 181 249 10 26 73 250 15 32 250 246 9 22 

205 254 15 28 
417 252 13 27 451 252 10 25 334 253 8 18 
27 250 15 35 181 249 10 25 73 249 15 34 250 246 9 22 

206 254 14 28 
417 252 13 27 451 252 10 25 335 255 7 17 
28 250 14 34 181 249 10 26 73 249 15 33 250 246 9 22 

206 254 14 28 
417 252 13 27 451 252 10 25 334 255 8 17 
27 250 15 34 181 249 10 25 73 249 14 33 250 246 9 22 

206 254 15 28 
416 252 13 27 450 252 10 25 334 254 7 18 
27 250 15 35 73 249 14 33 181 249 10 25 249 246 10 22 

207 254 14 27 
416 252 13 27 450 252 10 25 334 254 7 18 
27 250 15 35 73 249 14 33 181 249 10 25 249 246 10 22 

207 254 14 27 
416 251 13 28 450 252 9 25 334 253 7 18 
26 249 15 36 73 249 13 33 180 249 11 26 249 246 10 22 

207 254 14 28 
416 251 13 28 450 252 10 25 334 253 8 18 
26 249 15 35 74 248 13 34 181 249 10 25 249 247 10 21 

208 255 13 27 
415 251 13 28 450 252 10 24 334 252 7 20 
25 248 16 36 180 249 11 25 73 249 13 33 249 246 10 22 

208 254 13 28 
415 251 13 28 450 252 9 24 334 253 7 18 
25 248 16 36 74 249 12 33 180 249 11 26 249 246 9 22 

208 254 14 28 
415 251 14 28 450 252 10 25 335 255 6 17 
26 249 15 35 74 249 14 33 180 249 11 26 249 247 10 21 

209 254 12 28 
415 251 13 29 450 253 9 24 334 254 7 18 
26 248 15 37 74 250 13 32 180 248 11 27 248 246 10 22 

208 254 13 28 
414 251 14 29 448 253 9 23 334 254 7 19 
25 249 16 36 180 248 11 27 74 251 13 31 248 246 10 22 

208 254 12 28 
414 251 14 29 448 253 9 23 334 254 7 18 
25 248 16 37 180 248 11 27 74 251 14 31 248 246 10 22 

209 253 11 29 
413 251 13 29 448 253 9 23 334 254 7 19 
25 248 17 37 180 248 11 27 74 250 14 32 248 246 10 22 

208 253 13 29 0 249 14 18 
413 252 13 28 449 253 11 24 335 254 6 18 
26 249 16 36 74 250 14 32 180 249 11 26 249 246 9 22 

209 253 12 29 0 248 14 19 
414 251 14 29 450 253 10 24 335 255 7 17 
27 248 16 37 74 250 15 32 180 249 11 26 249 246 9 22 

209 253 13 29 0 248 14 19 
413 251 13 29 450 253 10 24 335 255 7 17 
28 249 15 36 180 249 11 26 74 250 15 32 249 247 9 21 

209 253 13 29 0 248 15 19 
413 252 14 28 449 253 11 23 335 255 7 17 
27 248 16 36 180 248 11 27 74 250 15 31 248 246 10 22 

209 253 13 29 0 248 15 19 
412 253 15 27 449 253 11 23 335 255 7 17 
28 249 15 36 180 249 11 26 74 251 14 30 248 246 10 22 

209 253 13 29 0 248 15 19 
412 253 15 27 449 253 10 23 335 255 7 17 
28 249 15 36 179 249 12 26 74 250 14 32 248 247 10 21 

209 253 13 29 0 248 15 19 
411 252 15 27 447 253 10 23 335 255 7 17 
27 249 16 36 179 248 11 27 74 251 13 30 248 246 9 22 

209 253 13 29 0 247 15 20 
411 253 14 26 447 253 9 23 335 255 6 17 
27 249 16 36 74 251 13 30 179 249 11 26 247 246 10 21 

209 253 13 29 0 248 14 18 
411 254 14 25 447 253 9 23 334 255 7 17 
27 249 16 36 74 251 13 30 179 249 11 26 247 246 10 21 

209 253 13 29 0 246 14 19 
411 254 14 25 447 253 9 23 335 254 6 18 
27 250 16 35 75 252 11 28 179 250 11 24 247 247 10 20 

209 252 13 30 0 245 15 20 
411 254 14 25 447 253 9 24 335 254 7 19 
28 250 15 34 75 251 11 30 180 252 9 23 247 247 10 20 

211 252 13 31 0 246 15 18 
410 253 15 26 447 253 10 23 335 254 7 19 
29 250 14 34 75 252 11 29 180 250 10 24 247 247 10 20 

211 252 13 30 0 246 15 19 
410 253 15 26 447 253 10 23 335 255 7 17 
29 250 15 33 75 252 12 29 180 250 10 24 247 246 10 21 87 251 7 12 

212 252 12 31 0 246 16 19 
410 252 14 27 447 252 10 24 335 255 7 17 
30 250 15 33 75 251 13 30 180 250 10 24 247 246 10 21 

212 252 12 31 0 246 16 19 
410 252 14 27 447 252 10 24 335 255 7 17 
29 250 17 33 75 252 13 29 180 249 9 25 247 246 9 21 

212 252 13 31 0 246 16 19 99 254 15 10 
410 252 14 27 447 252 10 24 335 255 7 17 
75 253 14 28 30 251 16 31 180 249 10 25 247 246 9 21 

212 252 13 31 0 247 16 20 100 254 14 10 
410 253 14 26 447 252 11 24 335 255 7 17 
74 253 15 28 30 251 16 31 180 249 10 25 247 245 9 21 

213 252 12 31 0 247 16 20 
410 252 13 27 447 253 10 23 336 255 7 17 
74 253 16 28 32 250 16 32 180 249 10 26 247 245 9 21 

213 252 12 31 0 248 18 18 
410 253 13 26 447 252 11 24 336 254 7 19 
31 251 17 32 74 253 16 28 180 249 10 26 247 245 9 20 

213 252 13 31 1 248 16 18 
409 253 13 25 447 253 11 23 337 254 6 19 
31 251 17 31 75 253 15 28 180 248 10 27 247 245 9 20 

214 252 12 32 1 248 16 19 
409 253 13 25 447 253 11 23 336 254 7 19 
31 251 17 32 74 253 16 28 179 248 11 27 247 245 9 20 

214 253 12 30 
409 253 12 26 447 253 11 23 336 254 7 18 
75 253 15 28 32 251 16 32 179 248 11 27 247 245 9 20 

214 253 12 30 
447 253 11 23 408 253 13 26 336 254 7 19 
75 252 15 30 33 251 15 32 179 248 11 27 247 245 8 20 

214 253 12 31 0 249 19 17 
447 253 11 23 409 253 12 26 337 254 7 19 
75 252 15 29 179 248 11 27 34 252 15 31 247 245 9 20 

215 253 12 31 1 249 19 17 
448 252 12 25 409 253 12 25 337 254 7 19 
35 252 14 32 76 252 15 29 179 249 11 26 247 246 9 19 

215 252 13 32 1 249 19 18 
449 252 11 24 409 253 12 25 337 255 7 17 
36 252 13 31 180 249 10 26 77 252 12 28 248 246 8 19 

215 252 13 32 2 250 19 17 
449 251 11 25 408 253 10 25 337 255 7 17 
37 251 13 32 180 249 10 26 78 251 11 28 247 246 9 19 

215 252 13 32 2 250 19 17 
449 251 11 25 408 253 10 24 337 253 7 18 
37 251 13 31 180 249 9 26 78 251 11 28 247 246 9 19 

216 252 13 33 2 250 19 17 
449 253 11 23 408 253 10 24 338 255 6 17 
38 251 13 33 180 249 10 25 78 252 11 27 247 246 9 21 

216 252 13 32 2 250 19 16 
408 253 9 25 447 252 11 24 337 254 7 18 
38 252 13 31 78 252 11 27 180 249 9 25 247 247 9 20 

216 252 13 32 2 250 19 16 
407 253 10 25 447 253 11 23 337 255 7 17 
38 252 13 32 78 252 11 27 179 250 8 24 246 247 9 20 

216 252 13 31 2 249 20 17 
407 253 9 25 447 253 10 23 336 255 7 17 
38 252 13 32 78 252 11 28 178 250 9 24 246 246 9 21 

217 253 14 30 2 249 19 17 
406 254 10 24 447 253 10 23 336 255 7 17 
38 252 13 32 78 252 11 27 178 250 8 24 247 245 8 21 

217 252 14 32 2 249 20 17 
406 253 10 24 446 252 11 24 335 253 8 18 
38 252 13 32 78 252 11 28 178 249 8 25 246 245 9 20 

217 253 14 31 2 249 20 17 
446 252 10 24 406 254 9 24 335 255 7 17 
77 252 12 27 37 252 13 31 177 249 9 25 246 245 9 20 

217 252 14 33 2 250 19 16 
447 252 9 24 406 253 9 25 335 253 8 18 
77 251 13 29 38 252 13 32 177 249 10 25 246 245 9 19 

218 252 13 33 2 250 20 16 
447 252 10 23 406 253 9 25 335 253 8 17 
77 251 13 29 38 252 13 31 177 248 10 26 246 245 9 19 

219 252 13 33 3 250 21 16 
406 254 9 24 448 252 9 23 335 252 9 20 
78 251 13 29 177 248 11 26 41 251 11 31 246 245 10 19 

220 253 12 31 3 250 22 17 
450 252 9 23 406 254 9 24 336 255 7 17 
80 250 12 30 42 251 11 31 177 249 12 25 247 246 10 19 

221 252 12 32 4 251 21 15 
406 254 9 24 450 252 9 23 335 252 8 20 
42 250 12 32 80 250 13 29 177 249 12 26 246 247 11 19 

221 253 12 31 4 250 22 16 
406 254 10 24 450 252 10 23 336 255 7 17 
43 249 12 34 81 250 12 29 177 249 12 26 246 247 11 19 

221 252 13 32 
406 254 10 24 450 252 10 23 334 253 10 19 
43 249 12 34 176 249 13 26 81 251 12 28 246 247 11 20 

221 252 13 32 
406 254 10 24 449 252 11 23 334 253 10 19 
42 249 14 34 176 249 14 26 81 251 12 28 246 246 11 19 

221 253 13 31 
450 252 10 23 406 253 10 25 334 253 10 19 
43 249 14 33 176 249 14 26 82 250 11 29 246 247 12 19 

222 252 13 32 
450 252 10 23 406 253 10 24 334 253 10 19 
43 248 15 34 176 248 14 27 82 250 12 29 246 247 12 20 

222 252 13 32 5 249 22 17 
450 252 11 23 406 253 10 24 334 253 10 19 
43 248 16 34 176 249 13 26 82 250 12 28 247 247 11 20 

223 253 15 31 6 249 21 17 
450 252 11 23 406 253 10 24 334 253 10 19 
44 248 15 34 176 248 14 27 82 250 13 28 247 247 11 20 

224 253 14 31 6 249 22 17 
450 252 11 23 406 254 10 24 334 253 10 18 
44 250 14 33 82 249 12 31 176 248 14 27 248 245 9 20 

224 253 14 31 7 249 21 17 
450 252 11 23 406 254 10 24 335 255 7 17 
82 249 12 31 45 250 13 33 176 248 13 27 248 245 9 20 

225 253 13 31 6 249 22 16 
450 252 11 23 406 254 10 25 335 255 7 17 
81 250 14 30 46 250 13 34 178 248 12 28 248 244 9 21 

225 253 13 31 
451 252 10 23 406 254 10 24 335 252 8 20 
47 250 13 32 81 249 15 31 178 248 12 28 249 245 8 20 

226 252 13 33 7 249 21 16 
451 252 10 23 406 254 11 24 335 252 8 20 
48 250 12 32 81 250 16 30 179 248 11 27 249 245 8 20 

226 252 14 33 5 249 24 18 
451 252 10 23 406 253 11 25 335 252 8 20 
49 251 12 31 81 250 16 30 179 248 11 27 249 244 8 22 

227 252 13 33 5 250 24 17 
451 252 11 23 406 253 12 25 335 252 8 20 
49 252 12 30 81 250 16 30 179 249 11 26 249 244 9 22 

227 252 13 33 10 250 21 17 
451 252 11 23 406 253 12 25 335 253 8 18 
50 252 11 29 180 249 11 26 82 252 15 28 249 246 9 19 

227 252 14 33 10 250 22 17 
451 252 11 24 406 253 13 25 335 253 7 18 
50 252 12 29 180 249 10 25 82 253 14 27 249 247 10 20 

227 252 15 33 
451 252 10 24 406 252 12 26 334 253 9 18 
50 251 11 31 83 254 13 25 179 248 11 26 249 248 10 19 

228 252 14 33 
406 252 12 26 451 252 10 24 334 253 9 18 
51 252 10 29 179 249 11 25 83 254 12 25 249 248 11 18 97 252 8 15 

228 252 14 33 11 250 21 17 
406 252 12 26 451 252 10 24 334 253 9 18 
50 252 11 29 179 249 11 26 84 255 11 24 249 248 11 18 98 252 7 16 

228 252 15 33 11 250 22 17 
406 252 11 27 450 252 11 24 334 255 7 16 
50 252 11 29 179 249 12 26 85 255 9 24 249 248 11 18 98 253 8 15 78 248 6 15 

229 252 14 33 
450 252 11 25 406 252 11 27 333 254 10 18 
50 252 11 29 179 249 12 26 85 255 9 24 249 248 11 18 98 253 9 15 78 248 6 15 

230 252 15 33 11 249 22 18 
450 252 11 25 406 252 10 27 333 253 9 18 
85 254 9 25 50 252 11 29 178 249 12 26 249 248 10 18 98 253 9 15 77 248 7 15 

231 252 14 33 11 249 22 18 
406 253 10 26 450 252 10 24 332 253 10 18 
85 254 9 25 50 252 11 30 177 249 12 26 98 252 8 15 249 247 10 20 77 248 6 14 

231 252 15 33 12 248 21 19 
406 253 9 26 449 252 11 24 331 255 10 17 
85 254 9 25 177 250 12 24 50 252 11 31 98 253 8 14 249 247 10 19 76 248 7 15 

232 253 14 32 
406 253 10 26 449 252 12 24 331 253 10 18 
85 254 10 25 50 252 11 30 177 250 11 24 99 253 8 14 76 248 7 15 249 247 10 19 

232 253 15 32 12 248 22 19 
406 253 9 25 449 252 12 23 330 254 11 16 
50 251 11 31 86 253 13 25 177 249 11 25 100 251 7 15 76 247 6 16 249 246 10 19 

233 252 14 33 13 248 22 19 
405 252 10 25 449 252 11 23 329 254 10 16 
50 250 11 31 84 253 12 25 177 249 11 25 100 251 7 16 75 248 6 14 251 249 7 16 

234 252 13 34 13 249 22 19 
406 252 10 24 450 251 10 25 331 253 7 18 
50 251 12 29 87 253 11 25 179 249 10 25 100 251 8 15 75 248 6 14 252 249 7 16 

234 252 14 34 16 250 21 18 
406 252 10 24 450 251 10 25 331 253 7 18 
50 253 13 27 88 253 11 24 179 249 11 25 101 252 8 13 252 249 7 16 75 247 6 15 

236 253 16 32 17 250 20 18 
406 252 10 24 450 252 11 23 331 253 7 18 
50 251 14 30 88 253 11 25 180 249 10 25 102 252 8 14 76 247 6 15 251 246 9 19 

237 254 15 31 18 250 21 18 
406 251 10 26 450 252 11 23 330 253 8 18 
50 251 14 30 88 254 11 24 180 250 10 24 103 252 8 15 76 248 6 14 252 245 9 20 

238 255 14 30 
406 252 10 25 450 252 11 23 331 256 7 15 
50 252 14 30 89 254 10 24 179 249 12 26 103 253 8 13 252 245 9 20 75 247 6 16 

238 252 15 34 
406 252 10 26 450 252 10 23 330 256 7 15 
89 253 10 26 50 252 13 30 179 249 12 26 103 252 9 14 250 246 11 19 74 248 7 14 

239 252 14 33 
406 253 10 26 450 252 10 23 328 254 10 18 
90 253 10 26 50 253 14 29 179 249 12 26 104 253 8 13 250 248 11 17 74 248 7 14 

240 252 13 33 
405 253 11 26 450 252 10 23 328 254 10 18 
90 253 10 25 50 252 14 30 178 250 13 25 105 253 7 13 250 248 11 17 74 248 6 14 

241 252 13 33 
406 253 10 26 450 252 10 23 327 254 11 18 
90 254 11 26 51 251 14 31 178 251 13 25 106 253 7 13 251 248 12 18 74 248 6 14 

241 252 13 32 22 248 20 52 
406 253 10 26 450 252 10 23 327 254 11 18 
90 253 11 26 51 251 13 31 177 250 14 26 251 249 13 17 107 252 6 14 74 248 6 14 

242 252 13 32 22 248 20 50 
406 253 10 26 450 252 10 23 327 254 11 18 
90 253 12 26 51 250 13 32 177 250 15 26 251 249 13 18 107 252 7 15 74 248 6 14 

244 253 14 30 23 248 20 50 
406 252 11 26 450 252 11 23 327 254 10 18 
90 252 13 27 52 250 12 32 177 251 15 25 251 249 13 17 107 252 8 15 74 248 6 14 

245 253 13 31 24 250 20 18 
406 251 11 27 450 252 10 23 327 254 8 17 
90 252 13 27 177 251 15 25 53 250 13 31 251 249 13 17 107 253 8 14 74 248 6 14 

246 253 12 31 
406 251 11 27 450 252 11 24 327 253 8 18 
54 250 12 31 179 249 13 26 93 252 12 26 109 253 7 13 252 249 12 17 74 248 7 14 

247 253 12 30 
406 250 11 28 450 251 11 25 327 253 7 18 
54 250 12 31 180 249 12 26 94 253 11 25 109 253 8 14 252 249 12 17 74 248 6 14 

248 252 12 32 25 251 22 17 
406 250 11 28 450 251 11 25 327 253 7 18 
180 249 12 25 54 250 12 32 94 253 11 25 110 252 8 13 74 248 6 14 254 251 9 13 

26 250 21 18 
407 251 10 27 450 251 11 25 327 253 7 18 
54 250 12 31 181 248 10 26 95 253 11 25 111 252 8 13 252 249 12 17 74 248 6 15 

251 252 12 32 27 250 21 19 
407 251 10 27 450 251 11 25 326 252 8 20 
55 251 11 30 95 253 11 25 182 248 9 26 112 252 7 13 254 250 9 14 74 248 6 15 

27 250 21 19 
407 251 10 27 450 251 11 24 326 252 8 20 
96 253 10 24 56 252 10 29 182 247 10 27 113 253 7 13 254 251 8 13 74 248 6 14 


407 252 10 27 450 252 11 23 326 253 7 18 
96 253 11 25 182 247 9 27 56 252 10 29 113 253 7 12 251 248 12 18 

29 250 21 18 
406 252 10 27 450 252 11 23 324 253 10 18 
96 252 11 25 182 248 9 26 56 252 10 30 114 253 6 12 251 248 12 18 74 249 6 13 

30 249 21 19 254 251 11 34 
406 252 10 27 449 251 11 25 324 253 7 18 
96 252 11 25 181 248 11 26 55 251 11 31 114 253 6 12 250 248 10 17 

254 252 11 32 29 249 21 19 
406 251 10 28 449 251 11 25 324 252 7 20 
181 248 11 27 97 252 11 25 55 251 11 31 114 252 7 13 249 248 11 18 

255 252 12 32 
405 251 11 28 449 251 11 25 324 255 6 17 
180 248 13 27 97 252 11 25 55 250 11 32 114 253 7 12 249 248 11 18 72 249 7 13 

255 252 12 32 
405 251 10 28 447 252 11 24 322 254 7 17 
180 248 13 27 97 252 11 25 54 250 12 33 113 253 8 14 250 248 10 18 71 250 6 13 

258 253 11 31 
405 252 10 27 446 251 12 25 322 253 7 18 
180 249 14 26 97 253 10 24 54 250 12 32 249 248 11 18 114 252 7 15 71 250 6 13 

259 252 11 32 
405 251 10 27 447 251 11 25 322 253 7 18 
180 248 15 27 54 250 13 31 99 252 9 25 115 252 8 13 250 248 10 18 71 248 7 14 

31 250 22 19 
405 251 11 27 449 251 11 24 321 252 8 19 
180 247 15 27 54 250 14 31 101 252 10 25 116 252 8 13 250 248 10 18 72 248 6 14 

261 252 11 32 31 250 23 19 
405 251 11 27 449 251 11 24 320 253 10 18 
181 247 14 27 54 250 15 32 101 252 10 25 117 252 7 13 250 248 10 18 71 248 7 14 

263 253 9 30 
406 252 10 26 449 251 11 24 319 253 11 18 
180 248 14 27 54 251 14 32 101 253 11 24 117 253 7 12 250 248 10 18 71 248 7 14 

263 252 10 32 
405 252 11 27 449 252 11 23 319 253 10 18 
180 248 15 27 101 253 11 25 55 252 14 31 118 253 6 12 250 248 9 18 70 248 7 14 

265 252 10 32 32 250 24 20 
405 253 10 27 447 252 11 24 319 255 10 17 
181 248 13 27 55 251 13 32 101 253 11 25 118 253 6 13 249 248 10 18 70 251 6 12 

266 252 9 32 33 250 23 19 
405 253 10 27 447 252 11 24 318 255 11 17 
55 251 13 32 102 254 11 24 181 249 13 26 118 252 6 14 249 248 10 18 70 251 6 13 

267 254 9 32 36 250 22 19 
404 253 11 26 447 252 10 24 318 255 7 17 
55 252 13 31 181 247 13 28 102 253 11 24 118 252 6 13 249 247 10 20 

36 250 22 19 
404 251 11 28 446 252 11 24 317 253 8 18 
55 251 12 31 182 246 12 28 101 252 12 25 118 251 6 15 249 247 9 19 

36 250 22 19 
404 251 11 28 447 252 10 23 317 253 8 18 
55 250 13 32 103 253 11 25 183 246 11 28 118 251 7 15 249 247 10 20 

37 250 21 19 268 253 10 30 
404 251 11 28 447 251 10 25 317 253 8 18 
55 250 12 32 103 253 12 25 183 246 11 28 119 251 7 15 249 248 10 18 

37 250 22 19 
404 252 11 27 447 252 10 23 317 252 7 19 
55 250 12 32 104 253 10 24 184 246 10 28 119 251 7 16 249 248 10 18 

38 250 21 19 
404 251 11 28 447 252 10 23 317 253 7 18 
56 251 11 31 183 245 11 29 105 253 10 24 120 252 6 15 249 248 10 19 

38 249 22 21 1 251 15 19 
404 252 11 27 447 252 10 23 316 253 8 18 
56 251 12 31 184 246 10 28 107 252 10 24 120 253 7 14 249 248 10 19 

40 250 21 21 1 252 15 18 
404 252 11 27 447 251 10 25 316 253 8 18 
56 250 11 32 184 247 10 27 120 252 7 15 108 253 9 22 248 244 10 21 

41 250 20 21 
404 252 11 27 447 251 11 25 316 253 7 18 
56 251 12 31 108 252 10 24 186 248 10 27 121 253 6 11 249 248 10 18 

41 251 21 21 
404 252 11 27 447 251 11 25 315 253 8 18 
107 251 12 26 185 248 12 27 57 251 11 31 249 248 10 18 122 251 6 13 

42 250 22 22 
404 252 10 27 447 251 10 25 315 253 8 18 
108 251 11 26 184 248 14 27 56 253 12 30 122 252 6 12 248 248 10 18 

43 250 21 22 
403 252 11 27 446 251 11 25 315 254 7 16 
108 252 12 25 56 252 12 31 184 248 14 28 122 252 6 13 249 250 8 14 

43 250 22 21 
445 251 11 25 403 252 11 26 314 254 7 16 
108 252 11 25 55 251 12 32 181 249 17 26 122 252 6 15 247 248 11 19 67 250 6 14 

43 249 22 23 
445 251 11 25 403 252 11 26 313 254 8 16 
55 251 12 32 109 253 10 24 182 249 15 26 122 251 6 15 249 251 7 13 

43 249 22 23 
445 252 11 23 403 252 11 27 312 256 9 15 
55 250 12 32 183 249 15 26 110 253 10 24 122 252 6 15 246 248 12 19 

44 250 22 23 
445 252 11 23 403 251 11 28 311 254 11 16 
184 248 14 28 55 250 13 32 111 252 9 25 122 252 7 14 246 248 11 18 

45 250 21 22 
445 251 11 24 403 251 11 28 311 254 11 16 
185 248 13 28 55 250 13 32 113 252 8 25 123 252 6 14 246 248 12 18 


401 251 11 28 445 251 11 25 310 254 12 16 
186 248 12 27 55 251 13 31 112 252 9 25 245 248 12 19 123 251 6 15 

47 250 20 23 
445 251 11 25 402 252 12 27 310 254 13 16 
188 248 11 27 55 250 14 32 114 253 10 23 124 251 6 15 246 248 11 18 


445 251 11 25 402 253 12 26 310 254 12 16 
189 247 10 27 55 250 14 32 114 252 11 24 245 248 12 18 

47 251 22 22 
401 252 11 27 445 250 11 24 309 254 11 16 
190 246 9 27 114 252 12 24 55 250 14 32 245 248 12 18 

47 250 22 23 
402 252 12 27 445 251 11 25 310 253 8 18 
190 246 9 27 114 252 12 24 55 250 14 32 245 248 12 18 

49 250 21 24 280 254 12 33 
401 251 11 29 445 251 11 25 310 254 8 16 
190 246 9 28 115 250 12 27 55 250 15 32 245 248 11 19 

281 254 12 33 49 250 22 24 
401 251 11 29 445 251 11 25 310 255 8 16 
116 252 12 24 190 248 9 25 56 251 15 31 245 248 11 19 

281 253 13 34 49 250 23 24 
401 251 11 29 445 252 11 24 310 255 7 16 
56 251 14 31 190 248 10 25 117 252 11 25 244 249 12 18 

49 251 23 24 
445 252 11 24 401 251 11 29 310 255 7 16 
56 250 14 33 190 248 11 26 117 253 11 24 244 249 12 18 

50 250 23 24 
445 251 10 25 401 251 11 29 309 254 7 16 
56 250 14 33 191 248 13 27 118 252 10 25 243 248 11 18 

284 254 13 33 50 250 23 24 
445 251 11 25 403 251 11 29 309 253 7 17 
192 249 12 26 57 250 13 33 120 252 11 24 243 248 11 18 

285 254 13 32 51 252 22 23 
403 251 11 29 445 251 11 25 309 253 7 18 
192 249 13 26 121 252 10 23 57 250 13 32 243 248 11 18 

285 254 15 32 51 250 23 24 
445 251 11 25 403 252 11 28 308 253 8 18 
192 248 14 27 121 252 11 23 57 250 13 32 243 248 11 18 

286 253 15 34 51 251 23 25 
401 252 11 28 445 251 11 25 308 253 7 18 
191 248 15 28 122 252 10 23 57 250 13 32 243 248 11 18 

287 253 14 34 51 251 23 25 
401 252 11 28 445 251 10 25 308 253 7 18 
191 247 15 29 121 251 12 25 57 250 13 33 243 248 10 18 

287 253 15 34 52 250 23 27 
402 252 12 28 445 251 11 25 308 253 7 18 
191 248 15 28 122 251 11 25 57 250 12 33 243 248 10 19 

52 251 23 26 289 254 15 33 
403 251 11 29 445 251 10 25 307 254 8 16 
192 248 14 27 57 250 12 33 123 251 10 25 242 248 11 19 

290 255 14 32 53 251 22 26 
403 251 11 29 446 251 10 24 307 254 7 16 
193 248 13 27 57 250 13 33 124 251 9 25 242 248 10 19 

290 253 15 34 52 250 24 28 
445 250 10 23 403 251 11 29 307 253 6 17 
194 247 12 27 57 250 12 33 124 251 9 25 240 248 12 19 

291 253 13 35 51 250 25 28 
444 250 11 23 401 250 11 30 307 254 6 16 
194 246 12 28 57 250 12 32 125 250 9 26 240 248 11 19 

291 253 14 35 51 251 25 27 
401 251 11 29 444 250 11 24 306 254 7 16 
56 250 13 32 195 246 10 27 125 251 9 26 239 249 12 18 

292 254 13 34 51 250 25 28 
444 251 11 25 403 251 11 29 306 253 7 17 
195 246 10 27 56 250 13 32 127 251 10 25 238 249 13 19 

293 254 13 33 51 249 26 29 
403 252 11 28 444 251 11 24 306 254 7 16 
196 246 10 27 57 250 12 32 127 252 11 24 238 249 13 19 

294 254 14 34 55 250 23 28 
403 252 11 29 444 251 11 25 306 254 8 16 
196 246 10 27 57 249 13 33 127 251 13 26 237 250 7 15 

294 253 14 35 55 250 23 28 
403 252 11 29 444 251 11 25 305 254 9 16 
57 249 13 34 127 250 14 27 196 246 11 27 235 249 11 17 

294 253 14 36 55 250 23 28 
403 252 11 28 444 251 11 24 305 253 9 17 
56 249 14 33 196 245 12 28 128 250 13 26 242 252 7 13 235 251 7 13 

54 251 24 27 296 254 14 34 
404 253 11 27 445 251 10 22 305 254 9 16 
57 248 13 35 196 244 13 29 129 250 13 27 241 252 8 13 235 252 6 11 

54 251 25 28 297 254 14 34 
404 252 12 28 445 251 11 24 306 254 7 16 
57 248 14 36 197 245 14 30 132 251 13 25 233 249 13 17 

298 254 13 35 54 251 24 28 
405 252 12 28 445 251 11 23 306 253 7 18 
57 248 14 36 198 247 14 28 134 251 12 25 241 252 8 13 230 248 11 18 

299 254 13 35 55 250 24 29 
406 251 12 30 446 251 11 25 306 253 7 18 
199 250 14 26 58 248 13 36 134 252 13 24 240 253 9 12 231 251 7 14 

300 254 13 35 55 251 24 29 
406 251 12 30 446 251 11 25 306 254 7 16 
199 250 13 24 57 249 15 35 136 252 12 23 240 254 8 12 230 251 7 14 

300 254 13 35 54 250 25 30 
407 251 11 30 446 251 11 25 305 253 6 18 
200 250 12 24 58 249 13 35 136 252 13 24 228 249 11 19 240 254 8 11 

301 253 13 37 54 250 25 31 4 253 25 28 
407 251 11 30 446 251 11 25 304 253 7 18 
200 250 11 24 58 249 13 35 139 252 12 23 228 251 7 15 238 254 8 11 

301 255 13 35 53 251 25 29 
407 251 12 31 446 251 11 25 304 253 7 18 
200 250 12 24 58 248 13 36 140 251 13 25 227 250 7 16 236 249 10 19 

301 255 13 36 52 251 25 30 
407 253 12 29 446 251 11 25 304 253 7 18 
199 250 13 24 59 250 14 33 141 252 13 24 225 250 7 16 236 252 9 14 

301 254 14 37 51 251 26 30 
409 252 12 29 447 251 10 25 304 253 7 18 
199 248 12 26 60 250 12 33 142 251 13 25 225 250 7 16 234 249 11 19 

49 251 28 30 301 255 14 36 
410 252 11 29 447 251 11 23 304 253 7 18 
199 246 12 29 60 250 12 33 147 252 10 24 223 248 10 20 138 253 7 13 235 252 8 14 

303 255 13 36 49 251 28 30 
411 252 11 29 449 251 10 24 304 253 7 18 
199 249 12 25 60 250 12 33 148 252 9 24 138 252 8 14 234 252 9 14 222 248 10 20 

303 254 13 37 50 250 25 32 
412 253 10 28 449 251 11 24 304 253 7 18 
199 246 12 29 60 249 12 34 150 252 9 25 139 252 8 13 222 248 10 20 233 253 9 14 

49 251 27 30 304 256 13 34 
413 252 10 29 450 251 10 25 304 253 7 18 
199 245 12 29 61 249 12 35 222 247 10 21 152 252 8 25 233 252 9 15 140 251 7 14 

49 251 26 32 305 256 12 36 
413 252 11 29 450 251 10 24 304 253 7 18 
198 247 13 28 61 250 12 34 153 252 10 24 221 248 10 20 141 251 8 16 232 254 7 10 

305 256 13 34 46 251 29 32 
413 251 12 31 450 250 10 24 304 253 7 17 
198 248 13 27 60 249 13 35 153 252 12 24 220 248 10 20 141 253 8 13 232 252 7 14 

305 256 13 35 46 252 29 32 
413 250 13 33 450 251 11 25 303 253 8 17 
198 249 12 25 155 252 12 24 61 250 13 34 142 252 7 14 231 251 8 15 220 248 9 19 

305 256 13 36 46 253 28 32 
413 250 13 33 450 251 11 25 303 253 7 17 
198 249 12 25 61 250 13 34 155 251 14 25 143 252 7 13 228 249 9 19 217 247 9 21 

305 256 13 35 46 253 27 32 
414 250 14 34 450 251 12 25 303 253 8 18 
198 249 12 25 61 250 14 33 155 250 16 26 229 251 7 15 216 247 10 21 144 252 7 14 

305 255 13 36 45 252 27 32 
415 250 13 35 451 252 11 23 302 252 8 19 
198 248 13 25 61 251 14 32 159 252 14 23 216 247 10 22 145 251 7 16 228 252 8 14 

306 255 12 36 44 252 26 31 0 255 16 33 
416 251 14 33 452 251 10 24 303 252 8 19 
62 251 14 32 197 248 11 24 162 251 12 22 216 247 10 23 227 253 8 15 146 249 7 18 

43 251 28 33 306 256 13 37 
417 251 14 32 452 251 11 24 303 252 8 19 
197 249 11 24 62 250 15 32 215 248 11 22 163 251 12 22 146 250 8 16 227 252 7 17 

43 251 28 33 306 256 13 36 
417 251 14 31 453 251 10 24 303 252 8 19 
62 250 15 33 166 251 11 25 197 251 10 22 215 249 10 21 225 250 8 20 148 250 7 17 

42 250 28 34 307 256 12 36 
418 252 14 29 453 252 11 23 303 253 8 18 
168 251 10 26 197 251 11 22 62 249 16 35 148 251 8 16 216 252 8 16 225 251 7 19 

42 251 28 33 307 255 12 35 0 256 16 32 
419 252 13 30 453 252 11 23 303 252 8 19 
170 252 9 23 197 251 10 22 62 249 16 35 148 252 8 15 214 250 11 20 

41 250 28 33 307 254 13 36 
419 252 13 31 453 251 11 22 303 252 7 19 
62 250 16 34 196 251 11 22 149 252 8 15 172 250 9 24 221 249 10 21 

41 250 28 33 308 254 12 36 
419 251 13 32 457 251 10 22 303 253 8 17 
174 252 10 23 196 252 13 20 66 251 14 32 151 251 7 16 221 248 10 21 211 249 9 20 

41 250 28 33 308 254 13 38 0 248 15 38 
420 251 12 32 457 251 10 22 303 252 7 18 
174 252 12 24 196 251 11 21 66 251 14 32 151 252 7 14 220 248 10 20 211 248 9 21 

39 249 30 35 308 255 13 37 
419 251 13 31 457 251 10 22 302 252 7 18 
174 250 14 26 196 251 10 22 66 252 13 31 151 251 7 15 211 251 6 16 

307 255 12 36 36 249 30 35 
419 251 12 31 457 251 10 22 302 252 7 19 
176 251 14 25 196 251 10 21 66 252 13 31 152 251 7 15 210 251 7 17 219 251 7 16 

34 249 32 35 307 255 12 37 
419 251 13 32 457 252 10 23 302 252 7 18 
177 250 15 27 196 251 10 21 66 251 14 32 152 251 8 16 209 251 8 16 219 249 7 19 

307 255 12 38 35 250 30 33 
419 251 13 33 458 252 10 23 301 252 9 19 
180 250 12 27 67 252 13 32 196 250 10 22 216 248 9 21 208 251 8 16 153 251 7 15 

307 255 13 37 35 250 28 34 179 258 13 18 
419 253 14 30 459 248 10 27 301 251 9 20 
182 251 11 25 68 253 13 31 196 250 10 23 215 249 10 21 154 251 9 15 61 248 7 15 

308 254 12 38 33 251 29 33 
419 253 14 30 459 249 10 26 301 251 9 20 
183 251 11 25 68 254 13 29 154 252 9 14 217 250 6 19 196 250 9 22 61 248 7 15 205 251 7 16 

307 255 12 37 30 251 33 33 
419 253 14 30 459 248 11 27 302 252 7 19 
69 254 13 29 187 252 8 22 196 250 9 22 154 252 9 14 214 248 10 21 61 247 7 16 205 251 7 16 

30 251 30 34 307 255 12 38 
419 253 15 30 460 248 10 27 302 252 8 19 
70 257 13 26 189 252 8 23 155 253 9 13 213 248 11 21 63 247 6 16 202 250 11 20 

28 250 30 35 307 256 12 36 117 254 23 26 
420 253 16 31 463 248 10 27 302 252 8 19 
71 254 12 29 189 249 10 25 156 252 8 15 213 247 10 22 201 250 11 21 63 247 7 17 

28 250 30 35 307 256 12 36 
419 252 17 32 463 249 11 25 302 252 8 18 
71 253 13 31 190 249 12 25 157 251 8 16 212 248 11 22 63 247 7 17 

27 250 30 34 307 256 12 35 
419 252 18 32 463 248 12 27 302 252 8 18 
193 250 12 23 73 251 13 33 212 247 11 22 159 250 7 16 63 247 7 16 
462 255 32 62 
25 251 32 33 307 255 12 37 
418 253 19 31 465 249 10 26 302 252 8 18 
73 252 14 31 194 250 14 24 211 249 9 21 159 251 7 14 63 248 8 15 

307 255 12 36 24 251 33 34 
417 254 19 28 465 251 11 25 301 251 10 20 
74 252 13 30 195 250 13 23 211 249 9 22 159 248 8 22 63 248 8 15 

306 255 13 37 22 250 31 35 
415 251 24 32 466 251 11 25 301 252 10 19 
73 252 15 30 212 249 7 21 199 249 11 25 160 248 7 19 63 248 8 15 

305 255 14 38 21 250 30 35 
468 251 12 25 416 252 24 31 301 252 10 19 
74 253 15 28 200 249 11 25 211 250 9 20 64 248 8 15 162 251 7 15 

305 254 13 39 19 251 30 34 
470 252 12 23 415 251 26 33 301 252 11 18 
75 254 15 27 202 249 10 25 162 251 8 15 65 248 7 14 213 251 6 18 

306 254 13 39 16 251 33 33 
471 251 13 25 415 252 25 30 301 252 11 18 
75 253 17 29 194 250 9 21 203 249 10 25 163 252 8 15 66 248 7 14 

305 254 13 39 13 251 34 33 
415 254 21 29 472 251 13 25 301 252 11 18 
76 252 16 30 193 250 10 22 163 252 8 16 203 249 11 24 66 248 7 14 

305 254 13 38 14 249 30 36 
475 251 12 25 414 253 22 30 301 252 11 19 
76 253 17 29 194 250 9 22 206 248 13 26 164 251 8 17 66 248 7 14 

304 253 14 39 12 249 31 36 
414 253 17 29 476 251 12 25 301 252 11 19 
76 253 17 29 193 250 10 22 204 247 16 27 164 250 8 17 67 248 6 14 

304 254 14 38 9 251 30 34 
477 251 12 25 411 253 17 29 301 252 10 18 
76 253 16 29 207 248 14 26 165 250 7 17 193 250 10 22 67 248 6 14 

303 254 14 39 7 250 30 35 
478 251 11 26 412 253 16 29 302 252 8 19 
75 253 18 29 209 248 12 26 165 250 8 17 191 248 9 24 66 249 7 13 

302 254 15 40 6 251 30 33 
479 252 11 25 411 252 16 29 302 252 8 19 
75 254 18 28 212 250 11 24 166 250 7 17 200 248 12 22 191 248 9 23 67 249 6 13 

1 250 32 34 301 255 14 38 
410 253 17 29 479 252 12 25 302 252 7 19 
212 250 11 23 74 253 18 29 200 248 11 23 166 250 7 17 192 249 7 19 66 248 7 14 

300 255 13 37 0 249 30 34 
409 252 16 30 482 252 11 26 302 252 7 19 
68 251 28 34 214 250 10 23 201 247 11 24 166 250 7 17 191 247 8 23 

299 255 14 37 0 249 28 35 162 257 13 20 
409 252 16 30 483 252 11 26 301 252 8 19 
68 249 28 36 202 246 10 25 191 247 8 24 166 250 8 17 216 250 9 23 

299 255 13 38 1 250 27 34 161 257 14 20 
483 251 12 27 407 251 17 31 301 252 10 19 
68 248 27 36 216 250 9 23 190 247 9 25 202 247 10 23 166 250 7 17 
436 249 27 36 
298 253 14 40 0 249 23 36 
484 251 13 27 405 251 16 30 302 252 7 19 
67 249 28 35 191 247 8 25 215 249 12 24 167 249 9 21 203 246 9 24 

297 253 14 40 0 250 22 34 
405 254 15 27 486 251 11 26 301 252 10 19 
190 246 10 26 67 249 26 34 220 250 10 23 167 249 10 21 203 247 9 24 
433 250 24 33 
297 253 14 39 0 250 21 35 
405 253 15 29 489 253 10 25 301 252 10 19 
221 249 10 25 190 246 10 26 66 248 27 34 208 247 11 25 168 249 9 20 
432 250 25 34 489 249 10 36 
296 254 15 40 155 257 15 20 0 249 20 38 94 255 16 25 
404 251 15 30 489 252 10 26 302 252 8 19 
222 249 10 25 208 247 11 25 63 249 29 34 191 246 8 26 169 250 8 16 
484 249 15 37 
294 254 18 41 154 257 15 20 0 247 18 79 
402 250 16 31 490 252 9 26 302 252 7 19 
207 246 12 26 223 248 10 26 62 249 30 35 191 245 8 27 168 248 9 20 
480 249 19 38 
293 255 15 40 155 259 13 23 
401 250 18 31 302 252 7 19 491 253 8 25 
208 247 11 25 191 246 8 26 61 248 31 36 168 248 10 21 223 248 11 26 0 250 4 32 
478 247 21 38 
293 254 13 40 
399 249 23 32 491 253 8 25 302 252 7 20 
61 247 32 39 209 248 10 25 190 248 10 25 168 249 10 21 227 251 9 24 0 253 6 26 
477 247 22 39 
293 254 13 40 
398 249 22 35 301 252 8 19 
62 248 29 38 209 247 10 26 190 248 9 24 227 251 11 25 169 249 9 21 0 253 8 26 
476 249 23 35 423 252 26 29 
292 254 14 41 
397 249 23 34 301 252 10 19 
62 248 27 37 190 248 10 24 209 246 10 27 229 252 10 23 169 249 10 21 0 251 9 27 
476 249 23 36 420 250 24 32 
291 254 14 40 
396 249 26 32 301 252 10 19 
190 248 10 24 209 246 10 27 61 248 25 37 229 249 11 26 169 249 10 21 0 250 9 27 
470 249 27 38 419 252 23 29 
290 253 15 43 147 256 15 22 
397 251 17 28 301 253 10 18 
210 246 10 27 60 249 22 36 190 247 10 25 232 250 11 24 170 249 10 21 0 250 10 27 
470 251 26 35 417 252 26 28 
289 253 16 43 146 257 16 21 
397 251 16 28 301 253 11 18 
190 248 10 25 210 246 10 28 234 249 10 26 1 249 12 29 171 248 9 22 60 251 17 32 
469 250 26 36 417 252 26 29 
289 253 15 44 
396 251 16 29 301 253 10 18 
212 247 12 27 1 249 13 30 191 248 10 25 59 251 18 33 235 250 11 26 171 248 10 21 
466 251 28 35 416 254 26 27 
288 253 16 42 
396 250 14 31 301 253 11 18 
212 247 12 28 192 249 11 24 2 250 13 29 235 250 13 26 58 251 22 34 171 249 10 21 
464 249 29 36 413 252 25 27 
287 253 16 42 
395 250 14 31 300 253 13 19 
192 248 11 26 212 247 12 28 2 250 14 30 56 251 25 33 237 249 13 28 171 249 10 21 
463 250 28 34 415 251 19 29 
286 254 16 41 141 257 16 20 
393 248 14 33 300 253 12 20 
3 250 15 31 54 251 26 33 212 248 12 26 192 249 11 25 238 250 12 27 172 250 7 17 
462 250 27 33 412 251 24 28 
140 256 16 22 286 255 13 38 
393 249 13 32 300 253 12 20 
2 251 16 31 50 252 28 34 212 247 12 28 190 248 10 25 238 249 12 26 172 250 8 18 
457 249 27 34 409 250 19 29 
284 254 15 40 138 257 16 21 
392 249 13 32 300 253 12 20 
3 251 15 30 48 252 30 35 213 247 12 27 239 249 12 26 191 248 9 25 172 250 7 18 
456 248 26 34 406 248 23 32 
135 256 17 22 
390 249 15 33 300 253 12 20 
214 246 11 28 3 252 17 29 240 248 12 28 46 253 32 35 191 247 9 26 173 250 7 18 
454 248 26 35 405 250 24 29 
282 254 16 42 135 256 16 22 
389 249 17 33 300 253 11 20 
215 246 11 27 6 251 17 30 241 249 11 26 45 253 33 35 193 248 9 25 173 250 10 20 
454 249 25 35 404 250 25 28 
282 254 16 41 134 258 15 25 
388 249 17 32 300 253 10 19 
215 246 11 28 6 250 17 31 193 248 9 25 242 248 11 27 44 253 34 35 173 250 10 20 
452 250 26 34 403 250 26 28 
281 254 14 42 
388 249 16 33 301 252 9 19 
216 246 10 29 7 251 17 30 193 247 9 26 173 250 10 21 45 253 30 34 243 249 10 26 
450 249 26 35 403 250 24 29 
280 254 15 41 
388 250 14 31 300 252 9 19 
7 250 18 32 45 252 26 34 193 247 10 26 216 246 11 29 173 250 10 20 246 249 9 25 72 247 9 15 
449 249 27 35 
280 254 14 41 
386 250 14 30 300 250 7 23 
7 250 18 32 43 252 23 35 192 247 11 26 247 249 8 25 216 246 11 29 173 250 9 20 72 246 8 16 
445 249 26 35 
279 255 14 40 
385 249 13 31 299 252 9 19 
7 251 18 31 43 251 17 35 247 250 8 23 192 247 11 26 216 246 11 30 173 249 9 22 72 246 7 16 
443 248 25 35 397 250 24 28 
278 254 15 41 
384 249 13 31 299 252 9 20 
7 252 18 31 42 253 15 33 247 250 9 24 192 248 11 26 216 247 12 29 173 250 9 21 72 247 7 15 
442 249 25 33 
277 253 14 43 125 256 17 23 
383 248 13 32 299 252 9 19 
8 253 18 30 248 249 9 25 41 253 15 34 192 247 11 27 217 246 10 29 173 249 9 22 72 247 7 15 
440 247 26 36 
277 254 13 42 
382 248 14 32 298 252 10 19 
8 253 19 29 249 249 9 24 40 252 15 33 220 246 11 29 191 247 9 26 172 248 8 22 71 246 8 15 
438 248 25 35 394 249 23 30 

381 248 15 32 296 252 10 20 
8 254 20 28 39 251 16 35 220 246 11 29 249 248 10 25 193 248 9 26 172 248 9 22 72 246 7 15 
437 248 25 34 393 249 23 30 
274 255 12 40 
379 249 16 32 296 252 10 20 
9 254 21 29 221 246 11 29 193 248 9 26 249 248 11 26 171 249 10 21 35 252 22 35 73 246 7 16 
437 249 24 34 392 250 23 28 
120 257 17 22 274 255 12 39 
378 249 15 31 295 253 11 20 
220 246 12 30 192 248 10 27 9 253 22 31 251 249 11 25 34 253 22 33 171 249 10 21 73 247 6 14 
433 248 25 35 390 250 25 28 
120 256 17 23 
377 249 16 31 295 253 11 21 
221 247 11 29 34 254 22 34 193 248 9 26 10 252 23 31 253 250 10 24 173 250 10 21 73 247 7 15 
433 248 25 35 390 250 25 28 
120 256 17 22 
376 249 16 32 295 253 11 20 
221 246 11 30 253 249 11 25 172 249 11 22 13 253 23 30 193 248 9 25 74 247 7 15 
433 248 24 34 389 250 26 28 
119 257 16 21 
374 249 17 32 295 253 12 20 
192 247 10 28 222 246 11 30 254 249 10 25 172 249 11 22 34 252 23 33 74 246 7 17 
431 248 23 34 
118 257 16 21 
373 249 18 32 296 252 10 21 
192 247 11 28 254 249 11 25 172 249 12 22 222 246 12 30 21 254 17 28 74 247 7 16 
429 248 24 34 

374 250 16 31 296 252 11 21 
192 247 11 28 173 250 10 21 255 249 11 25 222 246 12 31 30 253 23 34 74 247 7 15 
429 250 24 29 387 249 23 29 

373 249 18 32 296 252 11 20 
192 247 11 27 255 249 11 25 226 245 12 31 29 252 24 36 173 249 10 22 74 247 7 15 
427 250 23 29 387 250 22 28 

374 250 17 30 296 252 10 21 
192 247 11 28 225 245 13 32 28 252 25 35 173 250 10 21 256 249 11 25 76 246 6 17 
429 250 19 29 387 250 22 27 

373 249 17 32 296 252 9 20 
192 248 11 27 226 246 12 31 26 253 24 35 258 249 11 25 173 249 7 20 76 246 7 17 
428 248 18 32 388 250 19 27 

374 251 13 29 296 252 9 20 
226 246 12 31 192 248 11 27 258 249 11 25 26 253 24 35 173 249 7 19 76 247 6 16 
385 250 23 27 426 248 18 32 

373 251 13 29 296 251 9 22 
192 248 11 27 227 247 11 30 259 249 10 25 25 252 25 36 173 249 6 19 76 247 6 16 
385 249 22 26 

372 251 11 29 296 252 8 20 
227 246 11 31 259 248 10 27 192 248 11 27 23 254 28 34 172 250 7 17 74 247 7 15 
423 248 18 31 

372 251 10 30 296 251 8 21 
227 246 12 31 260 249 11 25 192 248 11 27 171 248 9 22 24 254 26 33 76 247 6 15 

110 256 17 22 
371 251 10 29 295 251 9 21 
228 246 11 31 260 249 11 25 191 247 10 28 24 255 25 32 171 249 9 22 76 246 6 16 

108 256 17 23 
369 251 12 28 295 251 9 21 
228 247 12 30 260 249 11 25 25 255 25 32 191 248 10 27 170 249 10 22 76 246 6 16 
383 251 19 25 
108 256 17 23 
368 250 11 29 295 251 9 22 
229 246 11 30 49 255 13 26 260 248 12 27 27 254 21 32 191 247 10 28 170 249 10 22 76 247 6 15 
383 251 19 25 
108 256 16 23 
367 250 10 29 295 251 9 22 
229 246 11 30 190 247 10 28 260 248 12 27 50 255 14 26 170 249 10 23 26 253 21 33 74 247 7 15 
382 250 21 27 422 249 26 30 
107 257 16 22 
366 251 12 28 296 251 8 22 
229 246 12 31 261 248 11 27 190 246 11 29 53 255 14 27 169 249 11 22 28 253 20 32 76 246 6 15 
382 250 21 27 422 249 26 30 
107 258 16 20 268 255 12 38 
364 251 13 29 295 251 9 22 
54 254 15 28 261 248 11 26 27 250 20 35 190 246 10 28 230 246 11 31 169 249 11 22 74 247 7 15 
382 250 22 27 
267 254 12 41 107 257 16 21 
363 252 14 28 295 251 9 22 
56 255 14 26 261 248 12 26 27 250 19 35 230 246 11 31 190 246 11 28 169 249 11 23 74 247 8 14 
382 250 22 27 420 250 25 29 
267 254 11 41 
362 251 14 30 295 250 9 23 
56 255 15 26 190 246 11 28 28 249 18 36 231 246 12 31 261 248 12 26 169 249 11 22 75 247 8 14 
383 249 20 26 
267 254 11 41 15 252 26 71 107 257 15 21 
359 254 16 26 296 251 8 22 
231 246 12 32 59 254 15 28 190 246 11 28 29 249 18 36 261 248 12 27 169 249 10 22 76 247 7 15 
382 249 21 25 
267 254 11 41 107 257 16 22 15 253 26 69 
359 252 15 28 295 252 9 23 
231 246 12 32 190 246 11 28 29 249 18 37 59 253 16 29 262 248 11 26 169 249 9 22 76 246 7 15 
383 249 20 25 
106 256 16 23 267 254 11 41 
358 252 15 28 295 251 8 22 
231 246 12 32 190 247 10 28 29 249 17 38 262 248 11 26 60 254 15 29 169 250 9 21 
382 249 21 25 
266 253 12 43 105 256 16 22 
357 253 16 27 294 252 9 22 
189 247 11 28 231 246 13 32 262 248 11 26 168 249 9 22 29 250 17 37 60 253 17 31 
419 251 27 27 382 249 21 25 
265 254 12 41 
356 251 16 30 294 252 9 22 
189 247 11 28 231 245 13 34 262 248 11 26 168 250 9 21 28 252 19 34 59 249 24 35 
383 250 18 23 419 251 26 27 
265 255 12 39 
356 251 14 30 294 252 9 22 
189 247 11 28 231 245 13 33 168 250 9 21 61 249 24 35 262 248 11 26 28 251 19 35 
419 251 27 27 383 249 18 24 
264 255 13 39 
355 250 14 30 294 252 9 22 
189 247 11 27 231 246 12 31 166 248 11 23 28 249 20 37 262 247 11 27 60 249 25 34 
383 250 20 24 
264 255 13 39 9 251 28 73 
356 251 12 28 294 252 9 22 
189 247 11 28 232 246 12 31 29 249 22 36 60 250 29 33 166 248 11 23 265 248 10 25 
383 249 20 25 
262 255 13 39 9 251 28 73 
354 249 11 31 294 252 9 23 
189 247 11 28 61 248 31 36 232 246 12 31 29 249 22 35 164 248 12 22 265 248 10 25 
383 249 20 25 
262 255 13 39 
354 248 11 32 294 252 8 22 
62 248 29 39 189 247 10 28 163 248 13 22 231 246 13 31 31 249 14 38 265 248 10 25 
382 249 20 25 
261 255 13 40 
353 249 12 31 294 252 8 23 
188 247 11 28 67 248 26 40 163 247 12 24 231 246 13 31 265 248 11 25 31 250 15 36 
382 249 20 24 
261 255 12 43 
351 250 13 29 293 252 9 23 
188 247 10 28 69 247 26 40 163 249 11 21 263 247 10 26 231 246 13 31 31 251 14 35 
381 249 21 24 
260 254 13 41 102 256 17 22 
350 250 14 30 293 252 9 23 
188 246 10 29 70 248 27 40 162 249 12 22 265 247 10 26 231 246 13 31 32 249 16 37 
381 249 21 24 
260 255 13 40 
350 250 14 30 294 253 8 22 
189 247 10 29 71 248 25 40 232 246 14 32 265 248 10 26 163 249 11 22 33 250 19 37 
381 249 21 24 
260 252 14 45 
348 250 16 31 294 252 8 23 
189 247 10 29 71 248 22 40 232 246 14 32 265 248 11 26 35 250 14 36 163 249 11 23 
381 249 21 23 
260 252 14 45 
348 250 16 31 294 252 9 23 
189 246 10 30 266 248 10 26 234 246 12 32 72 248 20 39 36 251 13 35 163 249 11 22 
381 249 21 24 
260 252 14 45 
348 250 16 30 294 252 9 23 
189 246 11 30 266 249 11 25 236 246 11 32 37 250 14 36 164 249 10 22 75 247 14 39 
381 249 22 24 
260 252 14 45 102 257 17 21 
348 250 15 30 294 252 9 23 
188 246 12 30 266 248 11 25 37 249 15 38 75 246 13 39 236 245 11 33 164 248 10 22 

260 252 14 46 
348 250 15 30 294 252 9 23 
188 246 12 30 266 249 11 24 37 249 15 37 229 246 10 32 75 245 14 40 164 250 9 21 

260 252 14 45 102 255 17 23 
348 250 15 30 295 252 8 23 
188 247 12 29 266 249 11 24 38 250 14 36 229 246 9 31 75 247 15 37 164 250 9 21 
381 249 21 23 
259 252 15 45 
347 250 14 31 295 252 8 23 
71 247 23 39 189 247 10 30 39 249 15 37 266 249 11 25 229 246 9 30 164 249 8 22 
381 249 21 23 
259 252 15 45 
347 250 14 31 294 252 9 23 
68 247 28 40 36 249 20 37 188 247 11 30 266 249 11 24 228 245 10 31 163 248 9 23 
380 249 21 23 
259 252 15 44 7 251 30 71 
347 250 13 30 294 252 9 23 
188 246 10 31 36 249 21 37 266 249 11 24 63 247 34 42 228 245 10 32 238 248 12 31 162 248 9 23 
379 249 22 23 
259 252 14 45 
346 251 13 29 294 252 9 22 
187 245 11 32 36 248 21 38 266 248 11 25 61 247 37 42 227 245 11 31 238 249 12 30 162 249 9 22 
379 248 22 22 
259 252 14 44 101 256 16 21 
346 250 13 30 294 252 9 22 
187 244 11 33 36 248 21 38 59 248 36 42 266 248 11 25 227 245 10 31 238 249 13 30 161 249 10 21 
379 248 22 23 417 248 25 27 
258 253 15 43 5 251 31 72 100 257 17 19 
346 249 13 31 294 252 9 22 
187 245 11 32 226 245 11 31 36 248 21 38 266 248 11 25 58 250 36 40 160 248 11 22 238 248 12 31 
378 248 23 23 
258 253 15 43 5 250 30 73 
346 249 12 32 294 252 10 22 
186 246 12 31 225 244 12 33 266 248 11 25 36 248 21 38 58 248 33 41 238 248 13 31 159 249 11 21 
382 248 16 22 
258 253 15 43 
346 250 12 31 294 252 10 22 
186 245 12 32 225 244 12 33 59 248 31 41 239 245 13 34 266 248 11 25 36 248 21 38 159 249 11 21 
417 249 24 25 378 248 23 23 
258 252 15 44 99 255 17 21 
346 249 12 32 295 252 9 23 
62 248 27 41 186 245 12 32 225 244 12 34 41 249 15 36 266 249 11 24 239 248 12 31 159 248 11 24 
417 248 24 26 378 248 22 22 
258 252 15 45 99 255 17 21 
346 249 12 33 295 252 9 23 
41 249 16 37 186 245 12 32 224 244 13 34 66 248 22 42 266 249 11 24 240 245 12 34 159 250 11 22 
417 248 25 26 379 249 21 21 
258 252 15 45 5 250 28 73 
346 250 12 32 295 252 9 23 
43 248 15 38 186 245 12 32 70 247 21 44 223 244 12 34 266 249 11 24 241 246 11 32 157 250 11 22 
379 249 21 21 417 248 24 26 
258 252 15 45 5 250 28 72 99 255 16 21 
346 250 12 32 295 252 9 23 
43 248 15 38 186 245 12 32 223 244 12 34 241 245 12 33 266 249 11 24 71 247 19 44 157 249 11 23 
381 248 17 22 417 248 24 26 
258 252 15 45 
347 250 12 32 295 252 10 23 
44 248 15 38 186 245 12 32 223 244 12 35 242 245 11 33 266 248 11 25 71 246 19 44 158 249 10 23 
378 248 23 23 417 248 24 26 
258 252 15 44 99 256 17 21 
347 249 12 33 295 252 10 23 
45 248 15 38 186 245 12 32 223 244 12 34 266 248 11 25 242 245 11 33 72 246 18 45 158 249 10 23 
378 248 22 23 417 248 24 26 
258 253 15 43 99 256 17 21 
347 249 12 33 295 252 10 23 
45 248 16 38 186 245 11 32 223 245 11 33 242 245 12 33 266 248 11 25 72 247 18 44 157 249 10 23 

258 252 15 45 98 256 18 21 
347 250 13 32 296 252 10 23 
46 248 16 39 266 248 12 26 186 246 11 31 223 245 10 33 72 247 18 44 243 245 11 34 157 248 10 23 
379 248 21 24 422 247 17 28 
258 253 15 44 98 255 18 22 
347 250 13 32 296 251 10 24 
47 248 15 38 267 248 11 26 186 246 11 31 223 245 10 32 72 247 19 44 157 249 10 22 244 248 13 31 
379 248 21 24 417 248 25 27 
258 253 15 43 99 256 17 20 
347 250 13 32 298 251 10 24 
47 249 16 37 71 247 21 44 267 248 11 26 187 246 10 31 222 245 11 32 243 247 14 33 157 249 9 22 
379 249 21 23 417 247 25 29 
258 253 15 43 
347 250 13 32 298 252 10 23 
48 248 15 38 186 246 11 31 267 248 11 25 71 247 22 45 243 247 14 33 221 245 11 32 156 250 10 21 
379 248 21 24 422 246 18 29 
258 253 15 43 98 255 18 22 
347 249 13 34 298 252 10 23 
48 248 15 38 186 245 11 32 244 247 13 33 266 248 12 25 70 247 23 45 220 246 12 31 156 249 9 22 
378 248 22 24 419 242 23 34 
258 253 15 43 3 252 32 69 
347 249 13 33 298 252 10 23 
48 248 15 37 186 246 11 31 244 247 14 33 267 247 11 26 69 247 24 44 220 246 11 32 155 249 9 22 
378 248 22 24 
258 253 15 43 4 252 30 69 
348 249 12 34 298 252 10 23 
48 248 16 37 186 245 11 32 267 247 11 26 245 247 13 33 69 248 23 43 155 249 9 22 219 246 12 32 
378 248 21 24 422 246 18 30 
258 253 15 43 5 250 28 74 98 255 18 21 
348 249 12 34 299 252 9 24 
48 248 16 38 186 245 11 33 267 247 11 26 246 248 12 32 154 249 10 22 67 249 21 42 218 246 13 32 
417 247 25 27 379 249 21 22 
258 253 15 43 98 256 17 19 
348 249 12 33 299 252 9 23 
48 248 16 38 186 245 11 33 267 247 11 26 68 248 19 43 153 249 11 22 246 248 12 32 218 246 12 32 
419 243 23 32 378 248 22 23 
257 253 16 43 
348 249 15 32 299 252 9 23 
48 248 16 38 186 245 11 33 267 247 11 26 67 248 20 43 152 249 12 23 248 246 11 32 216 247 13 32 
421 247 17 28 378 249 21 23 
257 253 16 43 96 256 22 20 
348 249 15 32 300 252 9 23 
185 245 12 33 48 248 16 39 267 247 11 26 215 246 13 32 67 248 19 43 249 246 10 31 152 249 12 23 
378 248 22 24 421 245 18 32 
257 253 16 44 99 254 17 22 
349 249 14 33 300 252 9 23 
185 245 12 33 65 248 21 45 267 247 11 26 49 247 15 40 214 246 14 32 249 246 11 31 152 249 12 23 
378 248 22 24 418 247 24 29 
257 253 16 44 
349 249 13 33 300 251 9 25 
185 244 12 34 64 248 22 45 49 248 15 39 266 247 12 26 213 248 16 30 151 250 12 22 250 246 10 31 
418 248 24 28 378 247 17 25 
257 253 16 44 
349 249 13 33 301 252 8 23 
185 244 12 34 266 248 12 25 63 248 22 45 212 248 16 31 150 250 12 22 250 247 10 33 
380 248 18 24 418 247 24 29 
257 253 15 44 
349 250 13 32 301 252 9 23 
185 244 12 34 266 247 12 26 150 250 12 22 50 248 14 38 212 248 16 31 250 248 10 31 
379 248 20 24 
257 253 15 44 
349 249 13 34 301 252 9 23 
185 243 12 36 267 247 11 26 150 250 12 22 213 245 14 34 50 249 14 37 251 249 12 31 

257 253 15 44 99 256 17 21 
350 249 12 34 301 252 9 23 
185 243 12 35 266 247 11 26 251 248 12 33 149 250 12 22 212 247 15 32 51 250 12 35 74 246 7 15 

257 253 15 44 97 256 21 21 
350 250 13 33 301 252 10 23 
185 243 12 35 250 248 14 32 266 247 11 26 149 250 12 22 213 245 12 34 57 254 21 40 
378 248 21 23 
257 253 15 44 6 250 27 76 99 256 17 21 
351 250 12 33 301 253 10 22 
184 243 13 35 251 248 13 32 148 249 12 23 266 247 11 26 213 245 11 33 73 247 7 14 56 254 15 37 

257 253 15 44 99 256 17 22 
351 250 12 33 300 253 12 23 
184 243 13 35 251 248 13 32 148 249 11 23 266 247 11 26 212 245 11 33 51 251 19 42 73 247 7 14 
381 249 17 22 416 248 27 27 
257 253 15 44 99 257 17 20 
351 250 13 33 301 253 11 23 
185 243 12 35 252 248 13 32 148 249 10 22 266 247 11 26 212 245 10 32 50 250 20 43 73 247 7 14 
381 249 17 22 
258 252 15 46 99 256 17 22 
351 250 13 33 301 253 11 23 
185 244 12 34 252 248 13 32 148 249 10 22 266 247 11 26 210 245 10 32 49 251 19 43 73 247 7 14 
381 249 17 23 
258 253 14 44 99 256 17 22 
352 250 12 33 301 253 11 23 
253 249 12 31 185 244 12 34 147 250 10 21 266 248 10 25 210 245 9 32 46 251 21 44 73 247 7 14 
381 249 17 23 
258 253 14 44 99 255 17 22 
352 250 12 33 302 253 10 23 
184 243 11 35 43 248 26 47 253 248 12 32 266 247 11 26 209 245 10 32 147 250 9 21 73 247 7 14 
381 249 17 22 
258 253 14 44 99 256 17 20 8 254 27 26 
352 251 12 32 302 253 10 23 
40 248 28 46 184 244 11 34 253 248 12 32 265 247 11 26 208 246 11 31 146 249 8 23 73 246 7 15 
379 249 21 22 
258 253 14 44 100 256 16 21 8 254 27 27 
353 250 12 33 302 253 10 23 
184 244 11 34 35 248 31 47 254 247 11 33 208 246 10 32 265 248 11 25 145 249 9 22 73 246 7 15 
381 250 17 21 416 249 27 25 
258 253 14 44 8 254 27 27 99 254 17 23 
353 250 12 33 302 253 10 23 
184 244 11 34 33 252 31 43 144 249 10 23 255 248 10 32 265 248 11 25 207 249 10 29 73 246 7 15 
416 249 26 24 381 250 17 22 
258 253 15 44 8 254 28 27 100 255 17 22 
354 250 12 34 303 253 9 23 
184 244 11 34 143 249 11 23 32 252 28 44 206 249 11 29 255 248 11 32 73 246 7 15 
416 249 27 25 
259 252 13 45 8 254 27 26 100 256 16 22 
355 250 11 34 305 252 10 25 
184 244 11 34 142 249 12 22 31 252 30 44 206 246 11 31 256 247 10 29 73 246 7 16 
418 248 25 26 381 249 17 23 
259 252 14 45 101 256 15 21 9 254 26 27 
355 250 11 33 305 252 10 24 
184 244 11 34 141 249 13 22 30 252 30 44 206 246 10 32 256 247 10 29 73 246 7 16 
382 249 17 23 418 248 24 26 
259 253 14 44 101 256 16 21 9 253 27 28 
355 250 11 33 306 253 9 24 
184 244 11 35 141 248 12 24 29 253 30 43 203 246 12 32 256 249 10 31 73 246 7 16 
382 249 18 24 419 244 24 31 
259 253 14 44 101 257 16 20 10 254 26 27 
356 251 12 32 306 253 9 23 
184 244 11 35 141 249 12 23 53 247 14 40 202 248 13 30 262 247 11 28 73 246 7 15 
382 249 18 24 
259 253 14 44 101 257 16 21 11 254 25 27 
356 250 13 34 306 254 10 21 
184 243 11 36 53 247 14 40 140 249 12 24 202 248 13 30 261 247 11 29 73 246 7 15 25 253 26 43 
382 249 18 24 
259 253 14 44 102 257 16 21 
357 250 13 34 307 253 10 23 
53 248 14 40 184 244 11 35 140 250 12 23 28 257 25 40 203 248 11 30 73 246 7 16 261 246 11 31 
383 249 18 23 
260 252 13 45 102 256 17 22 
358 250 13 34 307 253 10 23 
54 248 14 40 184 243 11 36 140 250 12 22 203 248 11 31 30 256 19 41 74 246 6 16 260 247 12 33 

260 254 13 41 
358 250 14 33 307 253 11 24 
54 248 14 40 184 243 11 36 140 250 11 22 203 249 11 29 260 247 12 33 74 246 6 16 28 254 18 41 

260 252 14 45 
358 250 15 34 307 253 12 24 
54 249 14 39 184 244 11 35 202 249 12 29 139 249 12 23 259 247 13 33 27 253 17 43 74 246 7 17 

261 254 13 42 
358 251 15 33 307 253 13 24 
54 248 14 40 184 244 11 35 201 249 11 29 25 252 18 45 258 247 14 33 139 249 9 23 73 246 7 17 

260 252 14 46 
358 251 15 33 307 253 13 24 
54 248 14 40 184 244 11 35 200 249 12 29 23 252 19 45 258 247 13 33 138 249 9 23 73 246 7 17 

260 252 14 46 104 256 17 23 
358 252 14 32 307 253 13 24 
54 248 15 40 183 244 11 35 201 246 10 31 20 252 21 45 258 247 13 33 138 249 8 23 73 246 7 17 

261 255 13 40 
306 253 14 24 358 253 14 31 
183 245 11 34 53 248 15 40 200 247 11 30 15 251 26 46 137 250 8 22 258 247 13 33 73 246 7 17 

261 255 13 40 105 258 15 20 
306 252 13 25 358 253 14 31 
183 245 11 34 257 246 13 35 200 246 10 31 136 250 8 22 12 252 30 45 52 248 18 40 73 247 6 16 

261 256 13 38 
359 252 13 32 306 252 13 25 
182 246 11 32 257 246 13 35 135 250 9 22 10 252 28 46 52 248 18 40 199 247 11 29 72 247 7 16 

261 254 13 44 
359 252 13 32 307 252 12 25 
182 246 11 32 51 248 19 41 9 255 29 43 257 246 13 35 134 251 9 21 197 249 11 29 72 247 7 15 
383 250 21 24 
261 254 13 45 105 259 16 22 
360 252 12 32 308 252 11 25 
182 246 10 32 51 248 19 41 8 255 30 44 257 246 13 35 133 251 10 22 197 249 10 29 72 247 7 16 
423 252 27 27 385 250 22 24 
261 255 13 43 106 259 16 22 
361 252 11 32 308 252 10 25 
181 246 11 32 50 248 20 42 257 244 14 36 131 251 11 22 197 247 10 31 7 252 25 45 72 247 7 15 

261 255 14 43 106 259 15 23 
361 251 12 34 309 252 10 25 
181 246 11 31 50 248 20 42 130 251 11 22 257 244 14 36 196 248 11 30 7 252 23 45 72 247 7 15 
387 251 18 26 
262 255 13 43 107 260 15 21 
363 251 12 34 309 252 10 24 
196 248 11 30 181 247 11 30 50 248 20 43 129 250 12 23 6 255 22 43 256 244 15 36 72 247 7 15 
385 250 22 27 
262 256 13 42 108 257 14 21 
363 252 12 32 311 253 9 23 
196 249 10 29 5 256 20 42 180 248 11 31 129 251 12 22 49 248 20 43 256 245 16 34 72 247 7 16 
385 251 23 25 
262 256 13 41 108 257 15 22 
364 255 11 30 312 253 8 23 
196 249 10 29 128 250 12 23 49 249 20 42 180 247 12 30 256 244 16 35 5 255 17 43 72 247 7 16 
386 250 22 24 
263 256 14 41 108 260 16 21 
364 255 12 30 312 253 8 24 
128 250 11 23 195 249 10 29 180 249 11 30 2 256 19 42 49 249 20 42 256 244 16 35 72 247 6 16 
386 251 22 25 
264 257 13 40 108 260 16 21 
364 256 13 29 312 253 9 24 
180 248 11 31 1 256 19 42 128 251 11 22 195 249 10 29 49 249 20 42 255 245 17 34 72 247 6 16 
386 250 23 27 
264 257 13 39 108 260 16 21 
364 256 15 28 312 254 9 22 492 252 7 27 
179 248 12 32 128 251 10 22 50 249 20 42 0 257 21 41 194 249 10 29 255 245 17 34 72 247 7 16 
387 250 22 28 426 254 18 26 
265 257 12 39 
312 253 10 24 363 256 16 28 490 253 9 41 
179 249 12 31 49 249 21 43 194 249 10 29 127 251 10 22 0 258 21 39 255 245 18 33 72 247 6 16 
387 250 22 28 427 254 17 27 
265 257 12 39 
364 253 16 31 312 254 11 23 490 253 9 42 
179 249 12 31 194 249 10 29 49 249 21 43 126 251 11 22 0 258 21 40 255 245 18 33 72 247 6 16 
387 250 22 28 427 253 17 28 
266 257 11 40 
312 254 12 23 363 255 17 30 489 253 10 41 
178 250 13 30 193 250 11 27 49 249 20 43 0 259 20 40 256 247 16 34 125 251 10 22 71 247 7 16 
388 250 22 28 
266 257 11 39 
311 254 13 23 363 255 17 30 489 253 10 42 
49 249 20 43 178 249 13 31 193 249 11 28 0 259 18 41 125 250 9 23 254 245 19 33 70 247 8 16 
387 250 23 28 
266 257 11 39 108 259 16 23 
311 254 13 23 363 255 17 30 485 255 14 47 
49 249 20 43 193 250 11 27 177 250 11 30 124 250 9 23 255 245 17 33 0 257 17 43 70 247 8 16 
387 250 23 28 
266 257 11 39 108 260 17 21 
311 255 13 22 364 255 16 30 482 256 17 44 
49 249 20 44 177 250 11 30 193 250 10 27 123 250 9 23 70 248 7 15 255 247 16 33 0 256 14 46 
387 250 23 28 
266 257 11 39 109 259 16 22 
312 255 12 22 364 254 16 31 482 256 17 44 
49 249 20 44 177 249 11 31 123 250 9 23 193 248 10 28 256 248 15 32 70 247 8 16 0 255 12 48 
388 250 22 28 
266 257 11 39 
312 255 12 22 365 253 15 32 482 255 17 45 
49 249 20 43 177 250 11 30 122 250 9 23 193 248 10 27 256 248 15 32 70 247 8 16 0 252 8 46 
388 251 23 27 
266 257 12 40 
367 253 12 32 312 255 13 22 481 252 18 45 
50 249 19 43 177 250 11 30 121 250 10 23 193 248 10 28 254 249 15 31 70 247 8 16 0 252 6 44 
388 251 23 28 
266 257 11 40 110 259 18 25 
367 252 13 33 313 255 12 22 481 252 18 45 
50 249 20 43 177 249 10 31 121 251 10 22 193 247 10 29 255 249 13 31 70 247 8 16 0 256 4 44 
390 251 24 27 
266 257 11 39 
368 252 11 32 314 254 11 23 481 252 18 45 
177 249 10 31 51 249 19 43 193 247 10 29 120 250 11 23 255 249 13 30 70 248 7 15 
390 252 24 27 
266 257 11 39 111 259 17 24 
481 252 18 45 370 252 10 32 315 254 10 23 
177 249 10 31 51 249 19 42 193 248 10 28 120 251 11 22 248 251 10 25 70 248 8 14 
391 252 23 26 
267 256 10 40 112 258 17 25 
480 252 18 45 370 252 11 32 315 254 10 22 
52 249 19 43 177 248 10 32 193 248 10 28 118 250 12 23 246 251 12 25 
391 252 23 26 
266 257 11 40 
480 253 17 42 372 252 10 32 315 254 10 22 
177 249 10 31 193 248 10 28 52 250 19 42 117 250 13 23 246 251 11 25 257 250 13 30 
392 252 23 26 
266 256 11 41 
479 254 18 41 373 252 9 32 316 254 9 22 
52 250 19 43 177 248 10 32 193 248 10 28 117 250 12 24 246 251 11 25 
392 251 23 27 
266 256 11 41 112 257 17 21 
373 252 10 32 479 255 18 39 316 254 9 22 
52 249 20 44 177 248 10 32 193 248 10 28 117 250 12 24 245 251 12 25 
392 251 24 27 
266 257 11 39 
374 252 11 31 478 254 19 41 316 254 9 22 
177 248 10 32 53 250 19 42 193 248 10 28 117 250 12 24 245 251 12 25 
393 251 23 27 
267 256 10 40 
373 252 12 32 475 253 19 42 317 254 8 22 
177 247 10 33 53 250 19 43 193 247 10 29 116 250 12 24 245 250 11 27 256 248 11 31 
393 251 22 27 
267 256 10 38 
373 252 12 32 474 252 18 44 316 254 9 22 
176 246 11 34 115 250 11 24 53 250 18 43 193 247 9 29 255 248 10 31 243 250 11 27 
393 251 22 27 
266 257 11 38 112 259 17 24 
373 252 13 33 473 252 19 44 318 253 9 23 
176 247 11 34 115 250 11 23 53 249 18 45 193 247 9 29 255 248 10 31 243 250 11 27 
393 250 23 28 
267 256 10 38 
373 252 13 32 471 253 20 43 318 254 10 22 
176 246 10 35 53 250 18 43 115 250 10 23 255 248 10 32 193 248 9 28 243 250 10 26 
393 250 23 28 438 250 21 36 
266 255 11 39 
470 252 21 45 373 252 13 33 318 254 10 22 
176 247 10 33 53 250 19 44 115 251 9 22 255 248 10 32 193 248 9 28 243 248 9 28 
394 250 22 28 438 250 23 35 
266 255 11 39 
373 251 13 34 470 253 20 43 318 254 10 22 
176 246 10 35 54 249 19 44 255 247 10 33 114 251 10 22 193 248 9 28 243 248 8 28 
395 250 21 28 438 250 23 35 
265 258 12 37 
373 251 13 34 469 253 19 42 317 254 11 22 
176 246 10 35 54 249 19 44 254 247 11 33 242 248 9 28 114 251 10 23 193 248 9 27 
395 250 21 29 439 250 23 35 
264 258 13 37 113 259 16 23 
