43 248 21 48 186 248 12 21 257 247 9 23 
119 244 13 34 
142 244 21 61 263 246 4 10 275 245 5 11 269 246 4 10 491 244 8 28 
157 249 11 38 230 248 12 61 382 246 8 21 146 248 13 39 316 251 6 16 


44 248 20 49 186 248 12 21 257 248 9 22 
119 244 13 34 
141 245 22 60 263 246 4 10 276 245 4 11 269 246 3 10 491 244 8 28 
157 249 11 38 230 246 14 63 382 246 8 21 147 248 12 38 316 251 6 16 


44 248 20 49 186 249 12 20 257 248 9 22 
118 244 14 34 
140 245 23 60 263 246 4 10 276 245 4 11 269 246 3 10 491 244 8 28 
157 249 11 38 230 246 14 63 382 246 8 21 316 251 6 16 


44 248 20 49 186 249 11 20 257 248 9 22 
118 244 14 34 
140 245 23 60 263 246 4 10 276 245 4 11 269 246 3 10 491 244 8 28 
157 249 11 38 230 246 14 63 382 246 8 21 316 251 6 16 


44 248 20 49 186 249 12 20 257 247 9 23 
118 244 14 34 
138 244 25 61 263 246 4 10 276 245 4 11 269 247 3 9 491 244 8 28 
157 248 11 39 230 246 14 63 382 246 8 21 316 250 6 17 


44 248 20 49 186 249 12 20 257 248 9 22 
118 244 14 34 
138 244 25 61 263 246 4 10 276 245 4 11 269 247 4 9 491 244 8 28 
157 248 11 39 230 246 14 63 383 246 7 21 316 250 6 17 


44 248 20 49 186 249 12 20 257 248 9 22 
118 244 14 34 
138 245 25 60 263 246 4 10 276 245 4 11 269 247 4 9 491 244 8 28 
157 248 11 39 230 246 14 63 383 246 7 21 316 250 6 17 


44 248 20 49 186 249 12 20 257 248 9 22 
118 244 14 34 
138 244 25 62 263 246 4 10 277 245 3 11 269 247 4 9 491 244 8 28 
157 248 11 39 230 246 14 63 383 246 7 21 316 250 6 17 


44 248 20 49 186 249 12 20 257 248 9 22 
118 244 14 34 
137 244 26 61 263 246 4 10 277 245 4 11 269 246 4 10 491 244 8 28 
156 248 12 39 230 247 14 62 383 246 7 21 316 250 6 17 


44 247 20 50 186 249 12 20 257 248 10 22 
118 244 14 34 
137 244 26 61 263 246 4 10 277 245 4 11 269 246 4 10 491 244 8 28 
157 248 12 39 230 247 14 62 316 250 6 17 383 246 7 21 


44 247 20 50 186 249 11 20 259 248 9 22 
118 243 14 35 
137 243 26 62 263 246 4 10 277 245 4 11 269 246 4 10 491 244 8 28 
157 248 12 39 230 247 14 62 316 250 6 17 383 246 7 21 


44 247 20 50 185 249 12 20 259 248 9 22 
118 244 14 34 
137 251 27 53 263 246 4 10 269 246 4 10 277 245 4 11 491 244 8 28 
148 247 13 40 160 250 10 35 230 247 14 62 316 251 6 16 383 246 7 21 


44 247 20 50 185 249 12 20 259 248 9 22 
118 243 14 35 
137 251 27 53 263 246 4 10 269 246 4 10 277 245 4 11 491 244 8 28 
148 247 13 40 159 250 11 36 316 251 6 16 230 249 12 61 383 246 7 21 


44 247 20 50 185 250 12 19 259 248 9 22 
118 244 14 34 
137 252 27 52 263 246 5 10 269 246 5 10 276 245 5 11 491 244 8 28 
149 246 12 41 159 250 11 36 317 251 5 16 229 250 13 59 383 246 7 21 


44 247 20 50 259 248 9 21 185 249 12 20 
118 243 14 35 
137 250 27 54 263 246 5 10 269 246 5 10 277 245 4 11 491 244 8 28 
149 246 12 41 160 250 10 35 317 251 5 16 229 250 13 59 383 246 7 21 


44 247 20 50 259 248 9 21 184 249 11 20 
118 244 14 34 
137 253 28 51 263 246 5 11 269 246 5 10 277 245 4 11 491 244 8 28 
149 246 12 41 160 250 10 34 230 247 14 62 317 250 6 17 383 246 7 21 


44 247 21 50 184 249 11 20 259 248 9 21 
117 244 13 33 
137 250 26 55 263 246 5 11 270 246 4 10 277 245 5 11 491 245 8 26 
149 246 12 41 160 250 10 34 317 251 6 16 230 248 14 61 383 246 8 22 


44 247 21 50 183 249 12 20 259 248 9 21 
117 244 13 33 
137 250 26 55 264 246 4 11 270 246 4 10 277 245 5 12 491 245 8 26 
149 246 12 42 160 250 10 34 230 248 14 61 383 246 8 22 317 250 6 17 


44 247 21 49 183 249 12 20 259 248 9 22 
117 244 13 33 
137 243 25 62 264 246 4 10 270 246 4 10 277 245 5 11 491 245 8 26 
149 246 12 41 160 250 11 34 230 248 14 61 317 251 6 16 383 246 8 21 


44 247 21 50 183 249 12 20 259 248 9 21 
117 244 13 33 
136 243 26 62 264 246 4 10 270 246 4 10 278 245 4 11 491 245 8 26 
149 246 12 41 160 249 11 35 230 248 14 61 317 251 6 16 383 246 8 21 


44 247 21 49 259 248 9 22 183 249 11 20 
117 244 13 33 
136 243 26 62 264 246 4 10 270 246 4 10 278 245 4 12 491 245 8 26 
149 246 13 41 160 249 11 35 230 248 14 61 317 251 6 16 383 246 8 21 


44 247 21 49 259 248 9 22 183 249 11 20 
117 244 13 33 
136 243 26 62 264 246 5 11 491 245 8 26 278 245 4 11 270 246 4 10 
149 246 13 41 160 249 11 35 230 248 14 61 317 250 6 18 383 246 8 21 


44 247 21 49 259 248 9 22 183 249 11 20 
117 244 13 33 
135 243 27 62 264 246 5 10 491 245 8 26 270 246 5 10 278 245 4 11 
160 249 11 35 149 246 13 41 230 248 14 61 317 251 6 17 383 246 8 21 


45 247 20 49 259 248 9 22 182 249 12 20 
117 244 13 33 
135 243 26 62 264 245 5 12 490 245 9 26 270 246 5 10 278 245 4 11 
160 249 11 35 149 246 13 41 317 251 6 17 230 248 14 61 384 247 8 20 


44 247 21 49 259 248 9 22 182 249 12 20 
117 244 13 33 
135 244 26 60 264 245 5 12 490 244 9 27 270 246 5 10 278 245 5 11 
160 249 11 35 149 246 13 41 230 248 14 61 317 251 6 17 384 247 8 20 


44 247 21 48 259 248 9 22 181 249 13 20 
117 244 13 33 
135 243 25 61 265 246 4 10 490 245 9 26 270 246 5 10 278 245 5 11 
160 249 11 35 150 246 12 41 230 248 14 61 317 251 6 17 384 247 9 19 


44 247 21 48 259 248 9 22 181 249 13 20 
117 244 13 33 
134 244 26 60 490 245 9 26 265 246 4 10 270 246 5 10 278 245 5 11 
160 249 11 35 150 246 12 41 230 248 14 61 317 251 6 17 384 247 9 19 


44 247 21 49 259 248 9 22 181 249 13 20 
117 244 13 33 
134 244 25 60 490 245 9 26 265 246 4 10 278 245 5 11 270 246 5 10 
160 249 11 36 150 246 12 41 230 248 14 61 384 247 9 19 317 250 6 17 


44 247 21 49 259 248 9 22 180 249 14 20 
117 244 13 33 
134 244 24 60 265 246 4 10 490 245 9 26 278 245 5 11 271 246 4 10 
160 249 11 36 150 246 12 41 384 247 9 19 230 248 14 61 317 250 6 17 


44 247 21 49 259 248 9 22 180 248 15 21 
117 244 13 33 
134 244 24 60 490 245 9 26 265 246 4 11 271 246 4 10 278 245 5 11 
160 249 11 36 150 246 12 41 384 247 9 19 230 248 14 61 317 250 6 17 


44 247 21 49 259 248 9 22 179 248 15 22 
117 244 13 33 
134 245 24 58 265 246 4 10 490 245 9 26 278 245 5 11 271 246 4 10 
160 249 11 36 150 246 12 41 384 247 9 19 230 248 14 61 317 250 6 17 


44 247 21 48 259 248 9 22 180 249 14 21 
117 244 13 33 
132 242 21 63 490 245 9 26 265 246 5 10 271 246 4 10 278 245 5 11 
160 249 11 36 150 246 12 41 384 247 9 19 230 248 14 61 317 250 6 17 


44 247 21 48 259 248 10 22 180 249 14 20 
117 244 13 33 
132 243 21 61 490 245 9 25 265 246 5 10 278 245 5 11 271 246 4 10 
160 249 11 36 150 246 12 41 384 247 9 19 230 248 14 61 317 250 7 17 


44 247 21 48 259 248 9 22 169 246 25 24 
117 244 13 34 
132 243 20 61 490 245 9 25 265 246 5 10 271 246 4 10 278 245 5 11 
160 249 11 36 150 246 12 40 230 247 14 62 384 247 9 19 317 250 7 17 


40 247 21 48 259 248 9 22 180 250 13 19 
117 244 13 34 
131 243 21 61 490 245 9 25 266 246 4 10 278 245 5 11 270 246 4 10 
160 249 11 36 150 246 11 40 384 247 9 19 230 247 14 62 318 250 6 17 


43 247 22 48 259 248 9 22 168 247 25 22 
117 244 13 34 
130 243 21 61 490 245 9 25 266 246 4 10 278 245 5 11 270 246 4 10 
160 248 11 37 150 246 11 40 384 247 9 19 230 247 14 62 318 250 6 17 


40 248 21 47 259 248 10 22 179 251 13 18 
117 244 13 33 
130 243 20 61 490 245 9 25 266 246 4 10 278 246 5 10 270 246 4 10 
160 249 12 36 150 246 11 40 384 247 9 19 230 247 15 62 318 250 6 17 


40 248 22 47 259 248 10 22 179 250 13 19 
117 244 13 33 
130 244 20 60 490 245 9 25 266 246 5 10 278 246 5 10 
160 249 12 36 150 246 11 40 230 247 15 62 384 247 10 19 318 250 6 18 


39 248 23 47 259 248 10 22 174 247 15 22 
117 244 13 33 
129 244 21 60 490 245 9 25 266 246 4 10 270 246 4 10 278 246 5 10 
160 249 12 36 149 247 12 39 230 246 15 63 384 247 10 19 318 250 6 18 


39 248 22 48 258 248 11 22 174 247 15 22 
117 244 13 33 
130 244 20 60 490 245 9 25 266 246 4 10 270 246 4 10 278 246 5 10 
160 249 12 36 149 247 12 39 230 246 15 63 384 247 10 19 318 250 6 18 


39 248 22 48 258 248 11 22 168 247 23 22 
117 244 13 33 
129 244 20 60 490 245 9 25 266 246 4 10 270 246 4 10 278 246 5 10 
160 249 12 36 149 247 12 39 230 246 15 63 384 247 10 19 318 250 6 18 


39 249 22 47 258 248 11 22 174 248 16 21 
117 244 13 33 
128 244 21 60 490 245 9 25 266 246 5 10 281 246 4 10 
149 247 12 39 160 249 12 37 230 246 15 63 384 247 10 19 318 250 6 18 


39 249 22 47 258 248 11 22 174 248 16 21 
117 244 13 33 
127 243 22 61 490 245 9 25 266 246 5 10 281 246 4 10 
149 247 12 39 160 249 12 37 230 246 15 63 384 247 11 19 318 250 6 18 


39 250 22 46 258 248 11 22 174 248 15 22 
117 244 13 33 
126 244 23 60 490 245 9 25 269 246 5 10 281 245 4 11 
149 247 12 39 161 249 11 37 230 247 15 62 384 248 11 18 318 250 6 18 


39 251 22 45 174 248 15 22 258 248 11 22 
117 244 13 33 
125 244 24 60 490 245 9 25 269 246 5 10 281 245 4 11 277 246 4 10 
149 247 12 39 161 249 12 37 230 247 15 62 384 248 11 18 318 251 6 17 


38 252 22 44 174 248 15 22 258 248 11 22 
117 244 13 33 
125 244 24 60 490 245 9 26 269 246 5 10 281 245 4 11 277 246 4 10 
149 247 12 39 161 249 11 37 230 247 15 62 385 248 10 18 318 251 6 17 


38 252 22 44 174 248 15 22 258 248 10 22 
117 244 13 33 
124 244 25 60 489 245 10 26 269 246 5 10 282 246 3 10 276 246 5 10 
149 247 12 39 161 249 12 37 230 248 16 61 385 248 10 18 318 251 6 17 


38 252 21 44 173 248 15 22 258 248 10 22 
117 244 13 33 
124 244 24 60 489 245 10 26 269 246 5 10 282 245 4 11 276 246 4 10 
149 248 12 38 161 249 12 37 230 248 16 61 385 248 10 18 318 251 6 17 


38 251 21 45 258 248 10 22 172 248 16 22 
117 244 13 33 
124 244 24 60 489 244 10 27 269 246 5 10 282 245 4 11 276 246 4 10 
148 248 13 38 161 249 12 37 231 248 14 61 385 248 11 18 318 251 6 17 


37 252 22 44 258 248 10 22 169 247 21 23 
117 244 13 33 
124 244 24 59 489 245 10 26 269 247 5 9 282 245 4 11 
148 248 13 37 161 249 12 37 231 248 15 61 385 248 11 18 318 251 6 17 


37 251 22 45 258 248 10 22 171 248 17 22 
117 244 13 33 
124 244 24 59 489 245 10 26 269 247 5 9 282 245 4 11 276 246 4 10 
148 248 12 38 162 249 11 37 231 248 15 61 385 248 11 18 317 252 7 16 


37 251 22 46 171 249 16 21 258 248 10 22 
117 244 13 33 
124 244 23 59 489 244 10 27 282 245 4 11 268 247 6 9 276 246 4 10 
148 248 12 38 162 248 11 39 231 249 14 60 385 248 11 18 317 252 7 16 


36 251 23 45 171 249 16 21 258 248 10 21 
117 244 13 33 
124 244 23 59 489 245 10 26 269 246 5 10 276 246 4 10 282 245 4 11 
148 248 12 38 162 248 11 39 231 250 15 58 386 248 11 19 316 249 10 20 


35 251 23 45 258 248 10 22 170 249 16 20 
117 244 14 33 
124 244 23 59 489 244 10 27 269 246 5 10 276 246 4 10 282 245 5 11 
148 248 12 37 162 249 11 37 231 249 16 59 386 248 11 19 316 249 10 20 


35 251 23 45 258 248 10 22 170 249 16 20 
117 244 14 33 
124 244 23 59 489 244 10 27 269 246 5 10 276 246 4 10 282 245 5 11 
148 248 12 37 162 249 11 37 231 249 16 59 386 248 11 19 316 249 10 20 


34 252 23 44 169 249 13 21 258 248 10 22 
117 244 14 33 
124 244 23 59 489 244 10 27 269 246 5 10 276 246 4 10 283 245 4 11 
148 247 12 39 163 249 11 37 231 249 17 59 387 248 10 19 317 253 8 14 


168 249 14 21 34 252 23 43 258 248 10 22 
117 244 14 33 
124 244 23 59 489 245 10 26 269 246 5 10 283 245 4 11 276 246 4 10 
148 247 12 39 163 249 11 37 230 249 18 59 387 248 11 19 317 253 8 14 


168 249 13 21 34 251 23 44 258 248 10 22 
117 244 14 33 
124 244 23 59 489 244 10 27 269 246 5 10 283 245 4 11 276 246 4 10 
163 248 11 39 148 247 12 39 231 250 18 58 387 248 11 19 317 253 8 14 


33 250 22 45 167 249 13 21 258 248 10 22 
117 244 14 33 
124 244 23 59 489 244 10 27 283 245 4 11 269 246 5 10 276 246 4 10 
163 249 12 37 148 247 12 38 231 250 18 58 388 248 11 19 319 253 8 14 


167 249 13 21 33 250 21 45 258 248 10 22 
117 244 14 33 
124 244 23 59 489 244 10 27 283 245 4 11 269 246 5 10 276 246 4 10 
163 249 12 37 148 247 12 39 231 250 18 58 388 248 11 18 319 253 8 14 


32 249 21 45 167 249 14 21 258 248 10 22 
117 244 13 33 
124 244 23 60 489 245 10 26 283 245 5 11 269 246 5 10 276 246 4 10 
163 249 12 37 148 246 12 40 231 251 18 57 390 248 10 17 317 251 11 18 


32 248 21 45 166 248 14 23 257 248 10 22 
117 245 13 32 
124 244 22 60 489 244 10 27 283 245 5 12 270 246 4 10 276 246 4 10 
164 248 11 38 149 246 11 40 231 250 19 58 390 248 11 18 317 250 12 18 


31 247 21 47 165 248 15 23 257 248 10 22 
117 245 13 32 
125 244 21 59 489 245 10 26 283 245 5 12 270 246 4 10 276 246 4 10 
164 248 12 38 149 246 11 40 231 251 20 57 390 248 11 18 317 250 12 19 


31 248 20 46 257 247 10 23 165 248 15 23 
117 244 13 33 
125 244 21 59 489 244 10 27 270 246 4 10 283 245 5 12 276 246 4 10 
163 248 13 38 149 246 11 40 231 252 20 56 390 248 11 18 317 250 12 18 


31 247 20 47 257 248 10 22 165 247 16 23 
117 245 13 32 
125 244 21 59 489 244 10 27 270 246 5 10 283 245 5 12 276 246 4 10 
163 248 13 38 149 246 11 40 231 252 20 56 391 248 11 18 317 250 12 19 


257 248 10 22 30 247 20 47 162 247 24 24 
117 245 13 32 
125 243 21 60 489 245 10 26 270 246 5 10 283 245 5 11 276 246 4 10 
163 248 13 38 149 246 11 40 231 252 20 56 391 248 11 18 317 250 12 19 


26 248 23 45 256 248 11 22 165 247 15 24 
117 245 13 32 
125 243 21 60 489 244 10 27 283 245 5 12 270 246 5 10 276 246 4 10 
163 248 13 38 149 246 11 40 391 248 11 18 231 252 20 56 317 251 13 17 


26 247 22 46 256 248 11 22 162 247 24 25 
117 245 13 32 
125 243 21 60 489 244 10 27 283 245 5 12 270 246 5 10 276 246 5 10 
149 245 11 41 165 249 12 35 391 248 12 18 231 254 20 55 317 250 14 19 


256 248 11 22 25 245 22 48 162 249 13 22 
117 245 13 32 
125 244 21 59 489 244 10 27 270 246 5 10 284 246 4 10 277 246 4 10 
149 246 11 40 165 249 13 35 393 247 10 19 232 254 19 55 318 251 13 18 


24 245 22 48 256 248 11 22 162 249 13 22 
117 244 13 33 
125 244 21 59 489 244 10 27 270 246 5 10 277 246 4 10 284 246 4 10 
149 245 11 42 165 249 13 34 393 247 10 20 232 254 19 55 319 251 12 18 


24 245 22 48 256 248 11 22 162 249 13 22 
117 244 13 33 
125 244 21 59 489 244 10 27 270 246 5 10 277 246 4 10 284 245 4 11 
149 245 11 42 165 249 13 34 394 247 10 20 232 253 19 56 318 250 13 19 


23 245 22 49 256 248 11 22 163 249 11 21 
117 244 13 33 
125 244 21 59 489 244 10 27 270 246 5 10 277 246 4 10 284 245 4 11 
149 246 11 40 165 249 14 34 394 247 10 20 231 253 20 56 319 251 13 18 


23 245 21 49 256 248 10 22 163 249 11 21 
117 244 13 33 
124 244 22 59 490 244 9 27 271 246 4 10 277 246 4 10 284 246 5 10 
149 246 11 40 165 249 14 35 394 247 10 20 231 253 20 56 319 251 13 18 


22 244 21 50 256 248 10 22 162 249 12 21 
117 244 13 33 
125 244 21 59 490 244 9 27 271 246 4 10 277 246 5 10 284 245 5 11 
149 246 11 40 163 248 19 38 232 253 20 57 395 247 10 20 322 254 10 12 


22 244 20 50 256 248 10 22 162 250 11 21 
117 244 13 33 
124 244 22 58 490 244 9 27 271 247 4 9 277 246 5 10 284 245 5 11 
149 246 11 41 163 248 20 38 231 253 22 57 397 248 9 18 322 254 10 12 


22 245 20 48 256 248 10 22 162 250 11 21 
117 244 13 33 
124 244 22 58 490 244 9 27 271 247 4 9 277 246 5 10 285 245 4 11 
148 246 12 41 163 249 20 36 232 253 21 57 397 248 9 18 323 254 9 12 


21 245 20 48 256 248 10 22 161 249 11 22 
117 244 13 33 
124 244 22 58 490 244 9 27 277 246 5 10 271 246 4 10 285 245 4 11 
148 246 12 41 163 249 20 36 232 252 22 57 398 248 9 18 323 254 9 12 


21 246 19 47 255 248 11 22 161 249 11 22 
117 244 13 33 
124 244 22 58 490 244 9 27 277 246 5 10 271 246 4 10 285 245 4 11 
163 250 21 35 148 246 12 41 233 253 21 56 398 248 9 18 324 254 8 13 


19 247 21 47 255 248 11 22 161 249 11 22 
117 244 13 33 
124 244 22 58 490 245 9 26 277 246 5 10 271 246 5 10 285 245 4 12 
163 249 21 36 148 246 12 41 233 254 20 55 398 248 10 19 325 253 9 13 


255 248 10 22 161 249 10 22 16 248 25 45 
117 244 13 33 
124 243 22 60 490 245 9 26 277 245 5 11 271 246 5 10 285 245 4 12 
163 250 21 34 148 247 11 40 234 255 21 54 398 248 11 20 323 251 13 17 


255 248 10 22 160 248 11 23 17 249 23 44 
117 244 13 33 
124 243 22 60 490 245 9 26 277 246 5 10 271 246 5 11 285 245 5 12 
166 251 17 33 148 246 11 41 235 256 20 52 399 248 10 20 323 251 13 17 


255 248 10 22 160 248 11 23 17 249 23 45 
117 244 13 33 
124 243 22 60 490 245 9 26 277 246 5 10 271 246 5 11 285 245 5 12 
166 251 17 33 148 246 11 41 399 248 10 20 235 256 21 51 323 251 13 17 


255 248 10 22 160 248 10 23 12 248 24 46 
117 244 13 33 
123 243 23 60 490 245 9 26 277 245 5 11 271 246 6 11 285 245 5 12 
163 250 21 34 147 247 12 39 399 249 11 19 235 257 21 49 324 250 14 18 


255 248 10 22 160 248 10 23 12 249 24 45 
117 244 13 33 
123 243 23 59 490 245 9 26 277 245 5 11 285 245 5 12 271 246 6 11 
163 250 22 34 147 247 12 39 235 255 23 50 399 249 11 19 325 250 13 19 


255 248 10 22 12 249 23 45 160 248 10 23 
117 244 13 33 
123 244 22 58 490 245 9 26 278 245 4 11 285 245 5 12 272 246 5 11 
163 250 22 34 147 247 12 39 236 256 23 49 400 249 11 19 325 250 14 18 


10 250 25 44 254 248 11 22 160 247 10 24 
117 244 13 33 
122 243 24 59 490 245 9 26 278 246 4 10 285 245 5 12 272 246 5 10 
163 250 22 35 147 247 12 39 235 259 24 45 401 249 10 19 325 250 15 18 


10 250 25 44 254 248 10 22 160 247 9 23 
117 244 13 33 
122 243 24 60 490 245 9 26 278 246 4 10 285 245 4 12 272 246 5 11 
163 250 22 35 147 247 12 39 235 261 25 43 325 250 15 18 401 249 10 19 


9 249 25 46 254 248 10 22 160 247 9 23 
117 244 13 33 
122 243 24 60 490 245 9 26 278 246 4 10 285 245 4 12 273 246 4 10 
163 250 23 35 147 247 12 39 235 262 24 41 401 249 10 19 326 251 14 17 


8 249 26 46 254 248 10 22 159 247 8 23 
117 244 13 33 
122 243 24 60 491 244 8 27 277 246 5 10 285 245 4 11 273 246 4 10 
163 250 23 35 147 246 12 40 236 261 23 44 404 249 9 19 333 252 8 14 


7 248 28 46 254 248 10 22 158 247 9 23 
117 244 14 33 
122 243 24 60 491 244 8 27 277 246 5 10 285 245 4 11 273 246 4 10 
164 250 23 35 147 246 12 40 235 260 24 45 404 250 9 17 333 252 8 14 


7 249 27 46 158 247 9 23 254 248 10 22 
117 244 14 33 
122 243 24 60 491 244 8 27 277 246 5 10 284 245 5 11 273 246 4 10 
164 250 23 35 147 246 12 40 235 259 25 45 404 248 9 20 331 249 12 20 


7 248 28 47 158 247 9 23 254 248 10 22 
117 244 14 33 
122 243 24 60 491 244 8 27 277 246 5 10 284 246 5 10 273 246 4 10 
166 250 22 34 147 246 12 40 235 259 26 45 405 250 8 16 333 252 8 15 


157 247 10 24 7 249 27 46 254 248 10 22 
117 244 14 33 
122 243 24 60 491 245 8 26 277 246 4 10 287 245 5 11 273 246 4 10 
166 250 22 34 147 246 12 40 235 261 26 43 405 248 9 20 333 253 9 14 


157 248 11 23 7 249 27 45 254 248 10 22 
117 244 14 33 
122 243 24 60 491 245 8 26 277 246 4 10 287 245 5 12 273 246 4 10 
147 246 12 39 167 250 22 34 405 248 9 20 238 252 27 51 334 253 9 14 


157 248 10 23 6 251 26 42 254 248 10 22 
117 244 14 33 
121 243 26 60 491 245 8 26 277 246 4 10 287 245 5 12 
172 251 16 31 147 246 12 40 405 248 10 20 240 248 26 53 335 253 10 13 


156 248 11 23 5 251 27 42 254 248 10 22 
118 245 14 33 
121 242 26 61 491 245 8 26 277 246 4 10 288 245 4 12 283 246 4 10 
173 251 16 32 147 246 12 40 238 251 26 52 405 248 10 20 335 250 11 19 


156 248 11 23 4 249 27 43 254 248 10 22 
118 245 14 33 
121 243 26 60 491 245 8 26 277 246 4 10 288 245 4 11 283 246 4 10 
174 250 15 33 147 246 12 40 238 251 26 52 405 248 10 20 335 250 11 18 


156 248 11 23 3 249 26 42 254 248 10 22 
119 245 13 33 
121 243 26 59 277 246 4 10 491 245 8 26 288 245 4 11 282 246 4 10 
175 249 15 35 240 248 26 53 147 246 13 39 406 248 9 20 336 250 13 18 


155 248 12 23 3 249 24 42 254 248 10 22 
119 245 13 33 
121 243 26 59 276 246 4 10 491 245 8 26 288 245 4 11 282 246 4 10 
240 256 25 46 176 249 14 35 147 247 13 39 406 248 10 19 336 251 14 17 


155 248 12 23 3 249 23 42 254 248 9 21 
119 245 13 33 
121 243 26 59 276 246 4 11 491 245 8 26 282 246 4 10 288 245 4 11 
406 247 10 20 147 246 13 40 243 253 23 49 176 249 14 35 337 251 14 17 


155 248 12 23 254 248 9 21 3 251 23 40 
119 245 13 33 
121 243 26 59 276 246 4 11 491 244 8 27 282 246 4 10 288 245 5 11 
147 246 13 40 178 250 14 32 243 254 24 48 407 247 9 21 337 251 14 17 


155 248 12 23 254 248 9 22 3 251 22 41 
119 245 13 33 
121 243 26 59 491 245 8 26 276 246 4 11 282 246 4 10 288 245 5 11 
178 250 13 32 147 246 13 40 244 255 23 47 407 247 9 20 337 251 15 17 


155 248 12 23 254 248 9 22 2 251 20 40 
119 245 13 33 
122 243 24 59 491 244 8 27 276 246 4 11 282 246 4 10 289 245 4 11 
178 250 13 33 147 246 13 40 407 247 9 20 244 254 23 48 338 250 15 18 


154 248 12 23 254 248 9 22 2 247 18 42 
119 245 13 33 
122 243 24 59 491 245 8 26 276 246 5 11 282 246 4 10 289 245 4 11 
179 250 13 33 147 246 13 40 246 257 22 46 407 247 10 20 338 251 16 17 


154 249 12 22 254 248 9 22 0 245 19 46 
119 245 13 33 
122 243 24 59 491 245 8 26 276 247 5 10 282 246 4 10 289 245 4 11 
179 250 14 32 147 246 13 40 408 247 9 20 246 254 23 49 339 252 15 16 


154 248 12 23 254 248 9 22 0 245 18 47 
119 245 13 33 
122 242 24 60 491 244 8 27 276 246 5 10 282 246 4 10 289 245 4 11 
179 250 14 32 147 246 14 40 247 247 25 54 408 247 9 20 339 253 15 15 


154 249 11 22 253 248 10 22 0 244 18 47 
119 245 13 33 
123 242 23 59 491 244 8 27 276 246 5 10 282 246 5 10 289 245 4 11 
180 250 13 32 248 247 24 54 147 246 14 40 408 247 9 20 343 251 13 17 


154 249 10 22 253 248 11 22 0 246 18 45 
119 245 13 33 
123 242 23 59 491 244 8 27 276 246 5 10 282 246 5 10 289 245 4 11 
180 250 14 32 248 247 25 53 147 246 14 40 409 247 8 20 344 251 13 17 


154 248 10 23 253 248 10 22 0 246 18 45 
119 245 13 33 
123 241 22 60 491 244 8 27 277 246 5 10 282 246 5 10 289 245 4 11 
180 250 15 32 248 247 25 53 146 246 17 40 410 246 9 21 345 251 12 18 


154 248 9 23 253 248 10 22 0 246 16 46 
119 245 13 33 
123 240 21 61 491 244 8 27 277 246 5 10 283 246 4 10 289 244 4 12 
180 250 16 31 249 246 25 56 145 246 18 40 410 246 9 21 347 254 10 12 


154 248 9 23 253 248 10 22 0 245 15 49 
119 245 13 33 
124 241 19 60 491 244 8 27 277 246 5 10 283 246 4 10 289 245 4 11 
180 249 18 32 249 246 25 55 146 246 18 40 411 246 9 21 349 253 10 14 495 240 4 39 


154 248 9 23 253 248 10 22 0 245 15 49 
119 245 13 33 
124 241 19 60 491 244 8 27 277 246 5 10 283 246 4 10 289 245 4 11 
180 249 18 32 249 246 26 55 146 246 18 40 411 246 9 21 349 253 10 14 495 240 4 39 


253 248 10 22 154 248 8 23 0 245 14 48 
119 245 14 33 
124 241 19 60 491 244 8 27 277 246 5 10 283 246 5 10 289 245 5 11 
252 246 24 54 146 246 18 40 411 246 9 21 178 249 21 34 352 252 8 14 494 241 5 51 


253 248 10 22 153 248 9 23 
119 245 14 33 
124 241 18 60 491 244 8 27 277 246 5 10 283 246 5 10 289 245 5 11 
253 247 22 51 145 246 19 40 178 249 22 34 411 246 10 21 492 254 7 36 353 253 8 12 0 239 3 39 


253 248 10 22 153 248 9 23 
119 245 14 33 
125 241 17 60 491 244 8 27 277 246 5 10 283 246 5 10 289 245 5 11 
253 247 22 51 145 246 19 40 411 246 9 21 179 249 21 34 492 254 7 36 350 251 13 17 0 239 3 39 


253 248 9 22 152 249 9 22 0 246 8 41 
119 245 14 33 
125 240 16 62 491 244 8 27 277 246 5 10 283 246 5 10 289 245 5 12 
254 248 21 48 145 246 18 40 412 246 8 22 180 249 22 34 491 255 8 33 353 254 10 12 0 239 3 39 


253 248 9 22 152 249 8 22 0 244 8 45 
119 245 14 33 
125 240 15 61 492 244 7 27 277 246 5 10 283 246 5 10 290 245 4 12 
253 248 22 49 145 246 19 41 184 249 16 32 412 246 8 22 490 256 9 32 352 250 12 18 0 240 3 38 


152 249 8 21 253 248 9 22 0 243 7 46 
120 245 13 33 
125 240 16 61 492 244 7 27 277 246 5 10 283 246 5 10 290 245 5 11 
254 248 22 48 412 246 9 22 145 247 18 40 184 249 17 32 352 250 14 18 490 256 9 32 0 240 3 37 


152 249 9 21 253 248 9 22 
120 245 13 33 
125 240 16 61 492 244 7 27 277 246 5 10 283 246 5 10 291 245 4 11 
254 248 22 48 184 249 17 31 412 246 10 22 146 247 18 40 352 250 15 18 489 257 10 31 0 240 3 37 


151 249 10 22 253 248 9 22 
120 245 13 33 
125 240 16 60 492 244 7 27 277 246 5 10 284 246 4 10 291 245 4 11 
255 248 21 48 185 249 16 32 146 247 18 40 413 246 9 21 353 249 14 19 489 257 10 31 0 240 3 37 


151 249 9 22 253 248 9 22 
120 245 13 33 
126 241 15 59 278 246 4 10 284 246 4 10 492 244 7 27 291 245 4 12 
255 249 20 47 185 250 16 30 146 247 18 40 413 246 9 22 352 248 16 20 489 255 10 33 


151 249 9 22 253 248 8 22 
120 245 13 33 
125 241 16 59 278 246 4 10 284 246 5 10 492 244 7 27 291 245 4 11 
186 250 16 30 255 248 21 47 413 246 9 22 150 249 13 36 356 250 15 18 488 255 11 33 0 241 3 25 


150 249 10 22 253 248 8 22 
120 245 13 33 
125 242 18 57 278 246 4 10 284 246 5 10 492 244 7 27 290 245 5 12 
188 249 15 32 257 249 19 47 413 246 9 22 150 249 12 37 357 250 15 17 486 254 12 36 0 241 3 25 


150 249 10 22 253 248 8 22 
120 245 13 33 
125 243 18 56 278 246 4 10 284 246 5 10 492 244 7 27 291 245 5 12 
257 249 19 47 189 249 13 32 413 245 9 23 152 247 13 39 358 249 14 18 485 253 13 37 0 241 3 25 


149 249 11 22 253 248 8 22 
120 245 13 33 
125 243 19 56 278 246 4 10 284 246 5 10 492 244 7 27 291 245 5 12 
258 249 18 47 413 245 10 23 189 248 13 33 152 247 13 38 485 253 13 37 359 249 14 18 0 241 3 25 


149 249 11 22 253 248 8 23 
120 245 13 33 
125 243 19 56 278 246 4 11 284 246 5 10 492 244 7 27 291 245 5 12 
258 249 19 47 414 245 9 23 190 248 12 33 152 247 13 38 485 253 13 37 364 248 11 21 0 241 3 25 


149 249 11 22 253 248 8 23 
120 245 13 33 
125 244 20 54 278 246 5 11 284 246 5 10 492 244 7 27 291 245 5 12 
259 249 19 47 414 246 10 22 152 247 13 38 192 248 11 32 366 250 7 16 484 254 14 35 0 241 3 25 


149 249 11 22 252 248 9 22 
120 245 13 32 
125 244 21 54 278 246 5 11 284 245 5 11 492 244 7 27 291 245 5 12 
260 249 19 48 193 248 10 32 153 248 12 37 414 245 10 23 483 255 15 33 365 250 11 19 0 241 3 25 


149 249 10 22 252 248 9 22 
120 245 13 32 
126 244 21 53 278 246 5 11 285 246 4 10 492 244 7 28 291 245 5 12 
260 249 19 47 193 248 10 32 152 247 13 39 414 245 10 23 365 249 12 20 480 245 19 44 0 241 3 25 


148 249 11 21 252 248 9 22 
120 245 13 33 
126 244 21 53 285 246 4 10 278 246 5 10 492 244 7 28 291 245 5 12 
194 248 9 32 260 248 19 48 153 247 12 39 415 245 9 23 366 249 11 20 480 245 19 44 0 241 3 25 


148 249 11 21 252 248 9 22 
120 245 13 33 
126 244 21 53 278 246 5 10 285 246 4 10 492 244 7 28 291 245 5 12 
194 248 10 32 154 247 12 38 262 248 18 48 416 246 10 22 479 246 19 42 370 252 8 16 0 241 3 25 


148 249 10 21 252 248 9 22 
120 245 13 34 
126 244 23 53 285 246 4 10 278 246 5 10 492 244 7 27 291 245 5 12 
154 247 13 38 195 248 9 32 263 249 17 46 416 246 11 22 371 249 11 19 480 255 16 33 0 241 3 25 


148 249 10 21 252 248 9 22 
120 245 13 34 
126 244 23 53 285 246 4 10 278 246 5 10 492 244 7 28 291 245 5 12 
154 247 13 38 195 248 9 32 263 249 17 47 416 246 11 22 371 249 11 18 480 255 16 33 0 241 3 25 


148 249 10 21 252 248 9 22 
120 245 13 34 
126 244 22 54 284 246 5 10 279 246 4 10 492 244 7 28 292 245 4 12 
155 247 12 38 195 247 10 33 417 246 10 22 263 250 18 46 477 250 21 38 371 250 12 18 0 242 3 23 


148 249 10 21 252 248 9 22 
120 245 13 34 
126 244 22 54 284 246 5 10 278 246 5 11 492 244 7 28 292 245 4 12 
155 247 13 38 416 246 12 22 196 247 9 33 268 247 12 53 477 250 21 38 371 249 13 18 0 242 3 23 


148 249 10 21 252 248 9 22 
120 245 13 34 
126 244 22 54 284 246 5 10 279 246 4 11 492 244 7 28 292 245 4 12 
155 247 14 39 416 246 12 22 196 247 10 34 264 249 17 47 372 249 13 19 477 250 21 38 0 242 3 23 


148 249 9 21 252 248 9 22 
120 245 13 34 
126 243 22 55 284 246 5 10 279 246 4 11 492 244 7 28 292 245 4 12 
155 247 14 39 416 246 12 22 197 247 9 34 264 249 18 46 373 249 14 18 477 256 17 30 0 242 3 23 


148 249 9 21 252 248 9 22 
120 245 13 34 
126 243 22 55 284 246 5 10 279 246 5 11 492 244 7 28 291 245 5 12 
156 247 13 39 416 246 13 23 197 246 9 35 264 249 19 47 373 248 15 20 475 250 20 36 0 242 3 23 


147 249 10 21 252 248 9 22 
120 245 13 34 
126 244 22 54 284 246 4 10 279 246 5 11 492 244 7 28 291 245 5 12 
417 246 12 23 156 247 14 39 198 247 8 34 264 250 19 45 376 249 13 18 475 250 20 36 0 242 3 23 


147 249 10 21 252 248 9 22 
120 245 13 33 
126 244 22 55 492 244 7 28 284 246 4 10 279 246 5 11 291 245 5 12 
417 246 12 23 156 248 14 38 198 247 9 34 265 249 19 46 376 250 16 18 475 250 20 35 0 242 3 23 


147 249 10 22 252 248 9 22 
120 245 13 33 
126 244 21 54 283 246 5 10 492 244 7 28 291 245 5 12 
417 247 13 22 153 248 20 38 199 247 11 34 377 249 17 19 474 250 21 35 265 249 19 46 0 240 4 36 


147 248 10 23 252 248 9 22 
120 245 13 33 
125 244 22 54 283 246 5 10 492 244 7 28 291 245 4 12 
417 247 13 22 154 248 20 37 199 247 11 34 377 249 17 19 270 251 13 43 476 256 18 30 


146 249 11 22 252 248 9 22 
120 245 13 34 
125 244 22 54 283 246 5 10 492 244 7 28 291 245 4 11 
198 248 13 32 417 247 13 22 154 248 21 37 271 250 13 44 476 255 17 31 383 248 13 20 0 240 4 37 


146 249 11 22 252 248 9 22 
119 245 14 34 
125 244 22 55 283 246 5 10 294 245 4 12 492 244 7 28 290 246 4 10 
199 248 12 32 418 248 13 21 154 249 22 36 476 251 17 35 270 250 17 43 384 248 14 20 0 240 4 36 


146 249 11 22 252 248 9 22 
119 245 14 34 
125 244 22 55 283 246 5 10 294 245 4 12 492 244 7 28 290 246 4 10 
199 248 12 33 154 249 22 36 418 248 13 21 476 250 17 36 270 249 17 44 384 248 14 20 


145 249 13 22 251 248 8 21 
119 245 14 34 
126 244 21 55 282 246 5 10 294 245 5 12 290 246 4 10 492 244 7 28 
199 249 12 32 418 248 13 20 269 250 18 43 155 249 22 36 476 251 15 35 384 250 14 17 


145 249 12 22 252 248 9 22 
119 245 14 34 
125 244 22 55 282 246 5 10 492 244 7 28 295 245 4 12 290 246 4 10 
200 249 11 32 269 250 19 43 418 248 13 20 155 249 23 36 476 251 15 35 384 250 14 17 


145 250 10 21 252 248 9 22 
119 244 14 35 
125 244 21 54 282 246 5 10 295 245 4 12 289 246 4 10 492 244 7 28 
200 249 11 32 155 249 23 36 418 248 14 20 270 250 18 43 476 251 15 35 385 250 14 18 


145 250 10 21 251 248 8 21 
119 245 14 34 
126 244 20 54 282 246 5 10 492 244 7 28 295 245 4 12 289 246 4 10 
155 249 23 36 270 249 19 44 200 249 11 32 418 248 14 20 475 250 16 36 387 250 13 18 


145 250 10 21 253 248 8 22 
119 244 14 35 
126 244 19 54 282 246 5 10 492 244 7 28 295 245 4 12 289 246 4 10 
200 250 11 31 419 248 13 20 155 250 23 35 271 249 18 44 475 250 16 36 390 249 11 19 


144 250 11 21 253 248 8 22 
119 244 14 35 
126 244 19 54 282 246 5 10 492 244 7 28 295 245 4 12 289 246 4 10 
200 250 11 30 271 250 18 43 419 248 14 21 155 250 24 35 475 250 16 36 391 249 10 19 


145 250 9 21 253 248 8 22 
119 244 14 36 
125 244 20 53 282 246 5 10 492 244 7 28 295 245 4 12 289 246 4 10 
200 250 12 30 155 250 24 35 419 248 14 21 273 250 17 44 475 250 16 35 394 251 7 16 


144 250 10 21 253 248 8 22 
119 244 14 36 
125 245 20 52 282 246 5 10 295 245 4 11 492 244 7 28 289 246 4 10 
155 250 24 35 200 250 12 30 418 248 16 22 274 249 17 45 475 250 16 34 394 248 10 21 


144 250 10 21 253 248 8 22 
119 244 14 36 
125 245 20 52 282 246 5 10 295 245 4 11 492 244 7 28 289 246 4 10 
155 250 24 34 200 250 12 30 421 248 14 22 274 249 17 45 475 249 16 35 394 248 10 21 0 240 4 36 


144 250 10 20 253 248 8 22 
119 244 14 36 
125 245 19 51 283 246 4 10 295 245 5 11 492 244 7 28 289 246 5 10 
155 250 24 34 201 250 11 30 274 248 18 46 420 248 16 22 475 250 16 34 397 249 10 20 0 240 4 36 


144 250 10 20 253 248 8 22 
119 244 14 35 
125 245 19 52 283 246 4 10 295 245 5 11 492 244 7 28 289 246 5 10 
155 249 24 35 200 250 12 30 274 247 18 47 421 248 15 22 397 249 11 21 473 248 20 35 0 240 4 36 


144 249 10 21 252 248 9 22 
119 245 14 34 
125 245 19 51 283 246 4 10 295 245 5 11 492 244 7 28 290 246 4 10 
155 249 25 36 201 250 11 30 421 248 16 22 274 247 18 47 398 248 12 21 472 248 21 35 0 240 4 36 


144 249 10 21 252 248 9 22 
119 245 14 34 
124 245 20 51 283 246 4 10 295 245 5 11 492 244 7 27 290 246 4 10 
156 249 24 36 201 250 11 30 422 248 15 21 398 249 13 20 275 247 17 46 472 248 21 35 0 240 3 36 


144 248 10 22 252 248 9 22 
119 245 14 34 
124 245 20 51 283 246 4 10 295 245 5 11 492 244 7 27 290 246 4 10 
157 248 23 36 201 250 11 30 399 249 14 19 422 248 16 21 472 248 21 35 275 247 17 45 0 240 3 36 


144 248 10 22 252 248 9 22 
119 245 14 34 
124 245 20 51 283 246 5 10 295 245 5 11 492 244 7 27 290 246 4 10 
158 248 22 36 201 250 11 30 399 249 14 19 471 249 22 34 422 248 16 21 276 247 16 45 0 240 3 36 


144 248 10 22 252 247 9 23 
119 245 14 34 
124 245 20 51 283 246 5 10 491 244 8 27 296 245 4 11 290 246 4 10 
201 251 11 28 160 247 20 36 470 248 23 35 423 249 15 20 402 249 14 20 277 247 16 44 0 240 3 36 


144 248 11 22 252 247 9 23 
120 245 13 34 
123 245 21 51 283 246 5 10 491 244 8 27 296 245 4 11 290 246 4 10 
201 251 11 28 160 247 20 36 470 249 23 34 423 249 16 20 277 246 16 46 402 249 14 20 0 240 3 36 


144 248 10 22 252 247 9 23 
120 245 13 34 
123 244 21 52 284 246 4 10 491 244 8 27 296 245 5 11 291 246 4 10 
201 250 11 29 423 249 16 21 470 249 23 34 404 251 14 18 278 247 15 45 165 249 14 33 0 240 3 36 


144 248 10 22 253 247 8 23 
120 245 13 34 
123 244 21 52 284 246 4 10 491 244 8 27 296 245 5 11 291 246 4 10 
201 250 11 30 424 249 16 21 470 249 23 34 405 251 14 19 280 248 12 39 162 247 19 35 0 240 3 36 


144 248 10 22 253 248 8 22 
120 245 13 34 
122 244 22 52 284 246 4 10 491 244 8 27 296 245 5 11 291 246 4 10 
201 250 10 30 425 250 16 20 406 251 14 18 470 249 23 34 280 248 13 39 166 248 14 34 0 241 3 25 


144 248 10 22 253 248 8 22 
120 245 13 34 
122 244 22 52 284 246 4 10 491 244 8 27 296 245 5 11 291 246 4 10 
201 250 11 30 425 250 16 20 406 251 14 18 470 249 23 34 280 248 13 38 166 248 14 34 0 241 3 25 


144 248 10 22 253 248 8 22 
120 245 13 34 
122 244 22 52 284 246 4 10 491 244 8 27 296 245 5 12 291 246 4 10 
201 250 10 30 281 248 12 39 428 250 13 21 471 249 21 35 408 251 13 20 167 248 13 34 0 241 3 25 


144 248 10 22 253 248 8 22 
120 245 13 34 
121 244 23 52 284 246 4 10 491 244 8 27 296 245 5 11 291 246 4 10 
201 250 10 30 282 248 12 40 429 250 12 21 408 251 13 20 168 248 12 34 471 249 21 34 0 241 3 25 


144 248 10 22 253 248 8 22 
120 245 13 34 
121 244 23 52 284 246 4 10 491 244 8 27 296 245 5 11 291 246 4 10 
201 250 10 30 282 248 12 39 409 251 12 20 168 248 12 34 429 250 12 20 471 250 22 33 0 241 3 25 


144 248 10 22 253 248 8 22 
120 245 13 34 
121 244 23 52 284 246 5 10 491 244 8 27 297 245 4 11 291 246 4 10 
200 250 11 31 282 248 12 40 169 247 12 36 429 250 14 21 474 251 18 33 410 251 12 19 


144 248 10 22 253 248 8 22 
120 245 13 34 
121 245 23 51 284 246 5 10 491 244 8 27 297 245 4 11 291 246 4 10 
200 250 11 31 170 247 11 36 282 249 12 38 430 250 12 20 474 251 18 32 411 251 11 19 0 241 3 25 


144 249 10 21 253 248 8 22 
120 245 13 34 
121 245 23 51 284 246 5 10 491 244 8 27 291 245 5 11 297 245 4 11 
200 249 11 32 474 251 18 32 282 249 13 39 430 250 12 20 170 247 11 36 411 250 12 20 0 241 3 24 


144 249 10 21 253 248 8 22 
120 245 13 34 
118 246 24 51 284 246 5 11 491 245 8 26 291 245 5 11 297 245 4 12 
200 249 11 32 475 252 17 31 411 250 13 20 430 250 13 20 171 247 11 37 282 248 13 39 


144 249 10 21 253 248 8 22 
120 245 13 34 
118 246 24 51 284 246 5 11 491 245 8 26 291 246 5 10 297 245 5 12 
200 249 11 31 475 252 17 31 430 249 13 21 412 250 13 20 283 249 13 37 172 247 9 37 


144 249 11 21 253 248 8 23 
120 245 13 34 
117 246 25 51 284 246 5 11 491 245 8 26 291 246 5 11 297 245 5 12 
200 249 11 32 475 251 17 32 430 249 13 21 173 247 10 36 412 249 14 20 283 249 13 36 


145 249 10 21 253 247 8 23 
120 245 13 34 
117 246 25 51 285 246 4 11 491 245 8 26 291 246 5 11 297 245 5 12 
200 249 10 32 284 248 12 39 413 249 17 22 475 252 19 30 173 247 11 36 431 250 14 20 


145 249 10 21 253 247 8 23 
119 245 14 34 
117 246 24 51 285 246 4 11 491 245 8 26 291 246 5 11 297 245 5 12 
284 248 13 40 200 249 10 31 413 249 17 22 173 246 11 37 475 251 19 32 431 249 14 21 


145 249 10 21 253 247 8 23 
119 246 14 34 
116 246 25 51 491 245 8 26 285 246 5 10 291 246 5 10 297 245 5 12 
284 248 13 39 200 249 10 31 414 248 16 23 173 247 11 36 431 249 14 21 473 250 22 33 


145 249 13 22 253 247 8 23 
119 246 14 34 
117 246 24 51 491 245 8 26 297 245 5 12 285 246 5 10 291 246 5 10 
199 248 10 33 284 249 13 38 174 247 11 36 415 249 15 22 431 249 15 21 473 250 23 33 


145 249 13 22 253 247 9 23 
118 246 15 34 
116 246 24 51 491 245 8 26 298 245 5 12 291 246 5 10 285 246 5 11 
199 247 11 34 284 249 14 38 174 248 11 35 416 248 15 22 432 249 15 21 473 251 24 31 


145 249 13 22 253 247 9 23 
119 246 13 34 
116 246 24 51 491 245 8 26 298 245 5 12 285 246 5 11 291 246 5 10 
199 247 11 34 284 249 14 38 174 248 11 35 416 248 15 22 474 253 22 29 432 249 15 21 


145 249 13 22 253 248 9 22 
118 247 15 33 
116 247 24 50 491 244 8 27 285 246 5 11 298 245 4 12 291 246 5 10 
199 247 11 34 284 248 17 42 417 249 14 21 433 249 16 23 174 250 12 33 473 256 24 28 


145 249 13 22 253 248 9 22 
118 247 15 33 
116 247 24 50 490 244 9 27 298 245 4 12 285 246 5 10 291 246 5 10 
284 248 19 42 197 246 11 35 174 250 14 34 434 249 15 23 473 257 25 27 418 250 14 20 


145 249 13 22 253 248 9 22 
118 247 15 33 
116 247 23 50 490 244 9 27 298 245 5 12 285 246 5 10 291 246 5 10 
284 248 19 41 175 250 14 34 197 246 11 35 434 249 15 23 473 256 25 29 418 250 15 20 


145 250 13 21 253 248 9 22 
117 247 16 33 
116 248 23 49 490 244 9 27 298 245 5 12 286 246 4 10 291 246 5 10 
284 249 20 40 175 250 14 34 197 246 11 35 434 249 15 23 475 257 24 29 419 250 14 20 


145 250 13 21 253 248 9 22 
117 247 16 32 
116 247 23 49 490 244 9 27 297 245 5 12 286 246 4 10 291 246 5 10 
175 249 14 35 284 249 20 40 197 246 11 35 434 249 15 23 475 257 24 28 419 250 14 20 


146 251 12 20 253 248 10 22 
116 247 16 33 
115 247 24 50 490 244 9 27 286 246 4 10 297 245 5 12 291 246 4 10 
285 249 19 40 197 246 11 35 176 251 12 32 434 249 15 23 420 251 15 20 475 257 24 28 


146 251 12 20 253 248 10 22 
116 246 16 34 
116 247 23 50 490 245 9 25 291 246 4 10 297 245 5 11 286 246 4 10 
197 246 11 36 286 249 18 41 176 250 12 34 434 249 15 23 421 251 14 21 475 258 24 26 


146 251 12 20 253 248 10 22 
116 246 16 34 
116 247 22 49 490 245 9 25 290 246 5 10 296 246 5 10 286 246 4 10 
197 246 10 36 286 249 19 41 176 249 13 35 434 249 15 23 421 251 14 20 476 247 23 37 


146 252 11 20 253 248 10 22 
116 247 16 33 
116 247 22 50 490 245 9 25 296 246 5 10 286 246 4 10 290 246 4 10 
196 246 11 36 177 249 12 35 286 249 19 41 434 249 15 22 421 251 14 20 476 247 23 37 


146 252 11 20 253 248 10 22 
115 247 17 33 
115 247 23 49 490 245 9 25 296 246 5 10 290 246 4 10 286 246 4 10 
196 246 11 36 176 249 13 35 286 250 19 40 434 249 15 22 422 251 14 20 476 246 23 38 


146 252 12 19 253 248 10 22 
115 247 17 32 
115 247 22 49 490 245 9 25 300 245 5 12 289 246 5 10 
195 247 11 35 286 250 19 40 176 249 13 35 434 248 15 23 422 251 14 20 476 246 23 39 


147 252 11 19 253 248 11 22 
115 247 16 32 
115 246 22 51 490 245 9 25 301 245 5 12 296 246 4 10 289 246 5 10 
195 247 11 35 286 250 19 40 177 250 12 34 434 248 15 23 422 250 14 21 476 247 23 38 


147 252 11 19 254 248 10 23 
115 248 16 31 
114 246 23 51 490 245 9 26 301 245 5 12 288 246 5 11 296 246 4 10 
194 247 12 35 177 250 13 34 286 250 19 40 434 248 15 23 422 250 14 21 477 247 22 38 


147 252 11 19 254 248 10 23 
115 248 16 31 
114 247 22 51 490 245 9 26 288 246 5 11 296 246 4 10 301 245 5 12 
194 247 12 34 286 249 19 41 177 250 12 34 434 248 15 23 


147 252 11 19 254 248 10 23 
114 247 17 32 
113 246 23 52 490 245 9 26 295 246 5 10 288 246 5 11 301 245 5 12 
194 248 12 34 286 249 19 41 177 250 12 34 434 248 15 23 423 251 13 20 


147 251 11 20 254 248 10 23 
114 248 16 31 
113 247 22 51 490 245 9 26 295 246 5 10 288 246 5 11 301 245 5 12 
194 249 11 33 286 249 19 41 178 248 13 35 434 248 14 23 


147 251 11 20 254 248 10 23 
114 248 16 31 
113 247 22 51 490 245 9 26 295 246 5 10 288 246 5 11 301 245 5 12 
194 249 11 33 286 249 18 41 178 248 13 35 434 248 14 22 


147 251 11 20 254 248 10 22 
114 247 15 32 
113 247 22 53 490 245 9 26 301 245 5 12 295 246 5 10 288 246 5 11 
194 249 11 32 286 249 18 41 178 248 13 35 434 248 14 23 


147 251 11 20 254 248 10 22 
114 246 14 31 
112 247 22 54 490 245 9 26 301 245 5 12 295 246 5 11 288 245 5 12 
193 250 12 31 286 249 18 41 178 248 13 34 431 248 15 22 


148 251 10 20 254 248 10 22 
114 246 15 31 
112 247 22 54 490 245 9 26 301 245 5 12 295 246 5 10 288 245 5 12 
193 250 12 31 178 248 13 34 286 249 18 41 432 248 14 22 


148 251 10 20 254 248 10 22 
114 246 14 31 
112 247 22 55 489 245 10 26 295 246 5 10 301 245 5 12 288 246 5 11 
193 250 12 31 178 248 13 34 286 248 18 41 432 248 14 22 


148 251 10 20 254 248 10 23 
115 246 12 31 
111 247 23 55 489 245 10 26 301 245 5 12 295 246 5 10 288 246 5 11 
193 250 12 31 178 247 13 35 285 249 18 41 432 248 14 22 


148 251 10 21 254 248 10 23 
115 246 12 31 
112 247 22 55 489 245 10 26 301 245 5 12 295 246 5 10 288 246 5 11 
193 250 11 31 178 247 13 35 287 248 12 40 431 248 15 23 


149 251 9 21 254 248 10 23 
114 246 13 31 
111 247 23 55 489 245 10 26 301 245 6 12 295 246 5 10 289 246 5 11 
193 250 11 31 287 248 12 40 178 247 13 35 431 248 15 23 


149 251 9 21 254 249 10 22 
114 245 12 32 
111 248 22 53 489 245 10 26 302 245 5 12 296 246 4 10 289 246 5 11 
192 250 12 31 286 249 12 38 178 247 13 34 431 248 15 23 


149 251 9 21 255 248 9 23 3 254 16 27 
114 245 12 32 
110 248 23 53 489 244 10 27 302 245 5 12 289 245 6 12 296 246 5 10 
192 250 12 30 286 249 12 39 178 247 13 34 431 248 15 23 


149 251 9 21 255 248 10 23 
114 245 12 32 
110 248 23 53 489 244 10 27 302 245 5 12 289 245 6 12 296 246 5 10 
192 250 12 30 286 248 12 40 178 247 13 34 431 249 15 22 


149 251 9 22 255 249 10 22 6 251 17 29 
114 245 12 32 
109 249 24 51 489 244 10 27 302 245 5 12 296 246 5 10 290 245 5 11 
192 250 12 30 178 247 13 34 285 248 12 40 432 250 13 21 


149 251 9 22 256 249 9 22 6 251 18 29 
114 245 12 32 
109 249 23 51 489 245 10 26 303 245 4 12 296 246 5 10 290 245 5 11 
191 250 13 31 178 247 13 34 285 248 12 40 432 250 13 21 


149 251 9 22 4 248 24 33 256 249 9 22 
114 245 12 32 
109 249 23 51 489 245 10 26 303 245 4 12 296 246 5 10 290 245 5 11 
178 247 13 34 191 249 13 32 285 247 12 42 432 250 13 21 


150 251 9 21 3 250 27 32 256 248 9 23 
114 245 12 32 
108 249 24 51 489 245 10 26 303 245 5 12 296 246 5 10 290 246 5 10 
178 248 13 33 190 250 12 31 284 249 13 39 431 250 14 22 


150 251 9 21 3 248 29 34 257 248 8 23 
113 246 13 31 
107 253 24 50 489 245 10 26 303 245 5 12 296 246 5 10 290 246 5 10 
190 250 12 31 178 248 14 33 284 249 12 39 430 251 15 21 


150 251 9 21 3 249 29 33 257 248 8 23 
113 246 13 31 
107 253 24 50 489 244 10 27 303 245 5 12 296 246 5 10 290 246 5 10 
190 250 12 31 178 248 14 34 284 249 12 39 430 251 15 21 


150 251 9 21 257 248 8 23 4 249 30 33 
113 246 12 31 
106 254 22 48 489 244 10 27 303 245 5 12 297 246 4 10 290 246 5 10 
189 250 13 31 284 249 12 38 428 251 16 22 177 249 12 33 


150 250 10 22 257 248 8 23 6 249 29 32 
113 246 12 32 
106 255 22 48 489 244 10 27 303 245 5 12 297 246 4 10 290 246 5 10 
189 250 13 31 284 250 12 36 428 251 16 22 177 250 12 32 


150 250 10 22 257 248 8 23 7 249 28 32 
113 246 12 32 
105 255 23 48 489 245 10 26 303 245 5 12 297 245 4 11 290 246 5 10 
189 250 13 31 284 250 12 36 429 251 15 22 177 250 12 32 


151 251 9 21 257 248 9 22 16 252 17 27 
112 246 13 31 
104 254 23 48 489 245 10 26 303 245 5 12 297 245 5 11 291 246 4 10 
188 251 13 30 282 249 13 37 177 249 12 34 425 250 21 22 


151 251 9 21 257 248 9 22 19 251 16 30 
112 246 13 32 
103 254 24 48 489 245 10 26 303 245 5 12 297 245 5 11 291 246 5 11 
188 251 13 30 282 249 13 42 177 249 12 34 425 250 21 23 


151 251 9 21 20 250 15 31 257 248 9 23 
112 246 13 32 
102 254 25 49 489 244 10 27 303 245 5 12 297 245 5 11 291 246 5 11 
282 249 13 41 178 248 14 34 424 249 16 22 


151 251 10 21 22 251 14 29 257 248 9 23 
112 246 13 31 
102 255 24 48 489 245 10 26 303 245 5 12 297 245 5 12 291 246 5 11 
282 249 12 40 187 251 13 30 176 248 13 35 424 249 15 22 


151 251 10 21 257 248 9 23 22 251 14 30 
111 246 13 31 
101 254 25 50 489 245 10 26 303 245 5 12 297 245 5 12 291 246 5 11 
282 249 12 39 176 248 13 35 187 251 13 30 423 249 16 22 


151 251 10 21 257 248 10 23 22 251 15 29 
110 246 14 31 
101 254 24 49 489 245 10 26 303 245 5 12 297 245 5 12 291 246 5 11 
281 248 13 41 176 248 13 35 187 251 13 31 423 248 16 23 


151 251 11 21 258 248 10 23 22 251 17 30 
110 246 14 31 
100 252 26 52 489 244 10 27 298 245 4 12 303 245 5 12 291 245 5 12 
281 249 12 39 176 248 13 36 423 248 16 24 


150 251 12 21 259 248 9 23 23 252 16 29 
111 246 13 30 
99 253 26 52 489 245 10 26 303 245 5 12 298 245 4 12 291 245 5 12 
281 249 12 39 176 248 13 35 423 249 15 23 


150 251 13 22 259 248 9 23 26 251 17 30 
111 246 13 30 
100 251 25 54 489 244 10 27 298 245 4 12 303 245 5 12 291 246 5 11 
281 248 12 40 176 248 13 35 423 249 15 23 


151 251 14 22 259 248 10 23 27 251 17 30 
110 246 13 30 
98 252 27 53 489 244 10 27 298 246 4 11 303 245 5 12 291 246 5 11 
281 249 12 39 175 248 13 36 186 251 13 32 422 249 15 23 


151 250 14 24 259 248 10 23 28 250 17 31 
110 246 13 30 
97 252 28 53 489 244 10 27 298 246 4 11 303 245 5 12 291 246 5 11 
280 249 13 39 175 248 13 36 186 251 13 32 421 249 17 23 


151 250 15 24 259 248 10 23 28 251 17 30 
110 246 13 30 
96 252 29 53 489 244 10 27 297 246 5 10 303 245 5 12 291 246 5 11 
280 249 13 39 175 249 13 34 421 249 16 23 


152 249 14 25 259 248 10 22 27 242 21 39 
110 246 13 29 
96 252 30 54 489 244 10 27 303 245 6 12 297 246 5 10 292 246 5 11 
175 248 12 36 280 249 13 38 185 250 13 34 420 250 17 23 


151 249 16 25 259 248 10 23 28 241 20 40 
110 246 13 29 
95 253 31 53 489 244 10 27 304 245 5 12 297 246 5 10 292 246 5 11 
174 248 13 36 279 249 14 38 185 251 13 33 421 251 16 21 


152 249 15 25 259 248 10 22 31 239 20 43 
110 246 13 29 
94 253 32 53 489 244 10 27 303 245 5 12 297 246 5 11 292 246 5 11 
174 249 13 35 185 251 13 33 279 250 14 37 420 251 17 21 


153 249 14 25 259 248 10 22 31 238 23 44 
110 246 13 29 
93 254 33 52 489 244 10 27 304 245 5 12 297 246 5 10 292 246 5 11 
174 249 12 35 278 250 14 37 184 251 14 33 417 249 17 22 


153 249 15 25 259 249 11 21 31 237 25 45 
110 246 13 29 
93 254 34 53 489 244 10 27 304 245 5 12 297 246 5 10 292 246 5 11 
173 249 13 35 184 251 14 33 278 250 14 37 416 249 19 23 


153 249 15 25 260 249 10 21 31 238 26 44 
110 246 12 29 
92 253 35 54 489 244 10 27 304 245 5 11 296 246 5 10 
173 249 13 35 278 249 14 39 184 251 14 34 416 249 20 24 


154 250 15 23 260 249 10 21 34 239 24 41 
110 246 12 29 
91 253 35 54 489 244 10 27 304 245 5 11 296 246 5 10 
172 249 14 34 277 249 17 41 414 249 21 25 184 252 14 32 


155 250 14 24 260 249 10 21 
110 246 12 29 
90 254 35 53 489 244 10 27 304 246 4 10 296 246 5 10 
172 249 14 34 414 249 21 25 278 249 14 39 184 252 14 32 


155 250 15 24 260 249 10 21 
110 246 12 29 
489 244 10 27 92 256 33 51 304 246 4 10 296 246 5 10 
172 249 14 34 413 249 22 25 278 249 13 39 


156 250 13 24 260 249 10 21 41 252 15 27 
110 246 13 29 
86 252 33 56 489 244 10 27 303 246 5 10 296 246 5 10 
172 248 13 35 277 249 14 39 412 250 23 23 


158 249 14 26 260 249 10 21 39 239 23 42 
110 246 13 28 
85 252 34 56 489 245 10 26 303 246 5 10 295 246 5 10 
171 248 13 35 277 248 14 43 411 249 23 25 


158 249 14 26 260 249 10 21 39 239 23 42 
110 246 13 28 
85 251 34 58 489 245 10 25 303 246 5 10 295 246 5 10 
172 248 12 36 277 248 14 43 411 249 24 25 


260 248 11 23 159 249 13 26 41 238 25 43 
110 246 12 28 
83 253 34 55 489 245 10 26 295 246 5 11 303 246 4 10 308 245 4 11 
277 250 13 37 169 246 14 38 411 249 23 25 181 254 12 31 


159 248 13 28 260 248 11 23 42 238 24 42 
110 246 12 28 
82 253 34 56 489 245 10 26 295 246 5 11 303 246 4 10 308 245 4 11 
277 250 13 37 169 246 14 37 410 249 24 25 


260 248 11 23 159 249 14 26 42 239 24 40 
110 246 12 28 
81 254 33 54 489 245 10 26 295 246 5 11 303 246 4 10 308 245 4 11 
277 250 13 38 169 246 14 37 410 249 24 25 


260 248 11 22 160 249 13 26 42 238 24 44 
110 246 12 28 
77 253 36 55 489 244 10 27 295 247 5 10 303 246 4 10 308 245 4 11 
276 250 12 36 178 251 14 34 410 249 23 25 


260 248 11 22 161 249 13 26 43 238 23 44 
110 247 12 27 
76 251 35 57 489 244 10 27 295 246 5 11 303 246 4 10 308 245 4 12 
276 249 12 37 175 249 21 37 407 249 23 24 


261 248 10 22 161 249 13 26 43 239 23 42 
110 247 12 27 
76 251 35 58 489 244 10 27 295 246 5 11 303 246 4 10 308 245 4 12 
275 250 13 36 175 249 21 37 406 249 24 23 


261 248 10 22 162 249 12 26 44 240 22 42 
110 247 12 27 
72 252 37 57 489 244 10 27 295 246 5 11 302 246 4 10 308 245 5 11 
169 247 24 39 275 249 12 38 405 250 23 22 


261 248 11 22 163 248 11 27 44 238 24 44 
110 247 12 27 
71 252 37 57 489 244 10 27 295 246 5 11 302 246 4 10 308 245 5 11 
169 247 24 40 275 250 12 36 411 249 14 22 


261 248 11 22 163 249 11 26 43 237 25 45 
110 247 13 27 
70 251 37 58 489 244 10 27 295 247 5 10 302 246 5 10 308 245 5 11 
169 247 24 40 275 250 12 37 411 250 14 21 


261 248 11 22 163 248 12 27 44 237 26 46 
110 247 13 28 
66 246 43 68 489 244 10 27 303 246 4 10 296 246 4 11 308 245 5 11 
169 247 24 41 271 248 17 43 410 250 13 22 


262 248 10 22 164 249 16 26 48 248 23 33 
111 247 11 27 
66 247 43 67 489 244 10 27 296 246 4 11 303 246 4 10 308 245 5 11 
169 247 24 41 271 248 17 44 410 249 13 23 401 247 10 22 


262 248 10 22 165 249 14 26 50 253 22 30 
111 247 12 27 
64 246 45 67 489 244 10 27 296 246 5 11 303 246 4 10 308 246 5 10 
169 247 23 41 270 248 18 44 410 249 12 23 401 248 10 21 


262 248 10 22 165 250 14 24 51 249 23 32 
111 247 12 27 
61 248 47 68 486 242 12 30 296 246 5 10 303 246 4 10 309 246 4 10 
168 247 23 41 270 249 18 42 403 248 18 24 


263 248 9 22 166 250 13 24 52 251 24 30 
111 247 12 27 
60 249 47 66 486 242 12 30 296 246 5 10 303 246 4 10 309 246 4 10 
168 248 22 40 269 249 18 42 399 248 11 21 408 250 14 22 


263 248 10 22 166 250 13 24 53 251 23 30 
111 247 12 27 
60 250 48 65 486 243 12 29 303 246 4 10 297 246 4 10 309 246 4 10 
167 248 22 40 269 249 18 43 404 249 16 23 


263 248 10 22 166 250 14 24 61 252 17 30 
111 247 12 27 
55 249 49 66 486 242 12 30 297 246 4 10 303 246 4 10 309 246 5 11 
165 248 23 41 269 249 18 43 399 250 22 23 


264 247 9 23 167 250 14 24 62 252 17 29 
111 247 12 27 
56 250 47 65 486 243 12 29 297 246 4 10 303 246 5 10 309 245 5 12 
165 248 22 41 269 250 18 42 403 250 17 22 


264 248 9 22 167 251 13 25 59 250 23 33 
111 246 12 28 
53 249 47 66 486 242 12 30 297 246 4 10 303 246 5 10 309 245 5 12 
164 248 23 41 269 250 18 41 403 250 17 23 


167 251 13 25 264 247 9 23 59 251 24 31 
111 246 12 28 
50 250 47 66 486 243 12 29 297 246 5 10 304 246 4 10 309 245 5 12 
162 249 23 40 398 249 22 25 269 250 18 41 


167 251 13 25 264 247 9 23 61 251 23 32 
113 247 11 26 
48 250 45 66 486 243 12 29 297 246 5 10 304 246 4 10 309 245 5 12 
162 249 23 40 268 250 19 41 399 249 22 25 


264 247 9 23 167 251 14 24 66 252 18 31 
113 247 11 26 
46 251 43 65 486 243 12 29 297 246 5 11 309 245 5 12 304 246 4 10 
161 249 23 41 268 250 19 41 398 249 23 25 


265 247 9 23 167 251 15 25 68 252 18 31 
113 246 11 27 
39 252 49 63 486 243 12 30 297 246 5 11 309 245 5 12 304 246 4 10 
160 250 25 40 262 249 25 42 398 249 22 24 


265 247 9 23 167 251 17 25 68 252 19 30 
113 246 11 27 
37 251 51 65 486 243 12 29 297 246 5 11 309 245 5 12 304 246 5 10 
160 250 25 40 261 249 26 42 393 250 25 22 


167 251 17 25 265 247 9 23 70 252 19 29 
113 246 11 27 
35 251 51 65 486 243 12 30 297 246 5 11 309 245 5 12 304 246 5 10 
160 250 24 39 261 249 25 42 392 249 26 24 


265 247 9 22 167 250 17 27 70 250 22 32 
113 246 11 26 
31 252 55 67 485 243 13 29 298 246 4 11 309 245 5 12 304 246 5 10 
159 249 21 42 261 248 25 43 391 250 26 23 


265 248 10 22 166 247 19 30 74 251 18 31 
113 246 11 26 
28 252 56 67 485 243 13 29 298 246 4 11 309 245 5 12 305 246 4 10 
158 249 22 42 260 248 25 43 391 250 25 22 


265 248 10 22 71 249 23 33 167 247 19 30 
113 246 11 27 
24 253 60 65 485 243 13 29 298 246 4 11 310 246 4 11 304 246 5 10 
157 249 24 42 260 248 25 43 390 248 14 23 


266 248 9 22 71 250 24 31 167 247 19 30 
113 246 12 26 
23 249 60 72 485 243 12 28 298 246 5 11 310 246 5 11 304 246 5 10 
156 248 22 42 259 248 26 43 388 249 22 23 


266 248 9 23 72 249 24 32 170 249 17 28 
113 246 12 26 
21 249 60 70 485 243 12 28 310 245 5 12 298 246 5 11 304 246 5 10 
155 248 23 42 259 248 26 44 389 248 16 23 


266 248 10 22 72 250 25 32 170 248 17 29 
113 246 12 27 
19 247 60 74 485 243 12 29 310 246 5 11 298 246 5 11 304 246 5 10 
154 248 23 44 258 248 27 44 389 247 16 24 


266 248 10 22 172 249 15 28 75 250 24 32 
113 247 12 25 
14 248 62 76 484 243 14 29 310 246 5 11 298 246 5 11 304 246 5 10 
259 248 25 45 153 248 23 45 386 247 12 21 


266 248 11 22 173 248 15 28 76 250 26 32 
113 247 12 25 
8 250 72 72 484 243 14 28 310 245 5 12 298 246 5 11 304 246 4 10 
151 248 24 45 257 248 27 46 390 249 16 23 


266 248 11 22 174 248 14 28 85 250 17 31 
114 247 11 26 
5 254 73 75 484 243 14 29 310 245 5 12 299 246 4 11 304 246 4 10 
257 248 27 46 150 248 24 44 390 249 16 24 


266 248 11 22 87 250 16 31 174 248 15 28 
114 247 11 26 
484 243 14 29 3 249 73 72 310 245 5 12 299 246 4 11 304 246 4 10 
256 248 28 46 149 247 25 45 385 247 13 23 


266 248 11 23 88 250 16 31 175 247 15 29 
114 248 11 25 
483 243 14 29 310 245 5 12 299 246 4 11 303 246 5 10 0 250 70 68 
256 248 27 46 147 248 25 45 384 247 16 24 


266 248 11 23 88 250 16 31 175 247 15 29 
114 248 11 25 
483 243 15 29 310 245 5 12 299 246 4 11 303 246 5 10 4 259 31 65 
256 248 27 46 147 248 25 45 384 247 16 24 


266 248 11 23 92 251 15 32 178 249 13 26 
114 248 11 25 
483 243 14 29 310 245 5 12 1 259 31 64 299 246 5 11 
255 248 28 47 147 248 24 45 384 247 15 24 


266 248 11 23 92 251 15 32 178 248 14 28 
114 248 11 25 
483 243 14 29 310 245 5 12 299 246 5 11 0 243 36 85 
255 248 27 47 145 248 22 45 384 247 15 25 


266 248 11 23 94 251 14 32 178 249 14 28 
114 248 12 25 485 253 14 59 
483 243 14 29 310 245 5 12 303 246 4 10 0 242 43 85 
255 248 27 47 144 248 23 46 384 247 15 25 


267 248 10 23 97 253 12 28 179 249 14 28 
114 248 12 25 480 252 19 43 
482 243 15 29 311 245 4 12 302 246 5 10 0 256 40 72 
255 248 25 47 142 249 24 44 384 248 15 25 


267 248 10 23 97 252 14 29 180 248 14 28 
114 247 12 26 476 253 23 59 
482 243 15 29 0 263 34 58 311 245 4 12 302 246 5 10 
254 248 25 48 142 249 23 44 384 249 14 23 


267 248 11 23 98 253 15 26 179 249 16 28 
115 247 11 26 471 252 28 60 
482 243 15 29 311 245 4 12 0 255 30 62 302 246 4 10 
254 248 24 47 142 249 22 44 383 249 15 24 


267 248 11 23 180 250 16 27 99 253 17 29 
114 247 12 25 469 253 30 56 
482 243 15 29 311 245 4 12 302 246 4 11 0 264 24 59 
254 248 23 47 140 249 23 43 379 249 22 25 


267 248 11 23 96 250 23 33 181 249 16 28 
115 247 11 25 468 253 31 57 
482 243 14 29 311 245 4 12 302 246 4 11 0 241 30 85 
253 248 24 46 140 250 23 42 379 247 12 24 


97 250 25 33 268 248 11 23 185 249 14 29 
458 249 41 74 115 246 11 26 
482 243 14 29 311 245 4 11 301 246 5 11 0 237 28 91 
253 247 23 48 139 249 23 43 377 247 15 25 


97 249 27 34 268 248 11 23 186 250 12 27 
457 250 42 72 115 246 11 26 
482 243 14 29 311 246 4 11 301 246 5 11 0 268 24 56 315 246 3 11 
253 248 22 47 141 248 21 44 377 248 15 24 


97 250 27 33 268 247 11 24 186 250 12 27 
456 249 43 73 115 246 11 26 
482 243 14 29 311 246 4 10 301 246 5 11 0 268 23 56 315 246 4 11 
251 248 21 48 142 247 20 45 376 247 16 26 


187 251 12 26 268 248 11 23 98 250 26 32 
453 249 46 73 115 246 11 26 
482 243 14 30 311 246 4 11 301 246 5 11 
251 248 21 48 131 249 23 45 375 248 17 25 


269 247 10 24 100 250 26 33 188 250 12 27 
450 249 49 73 115 246 11 26 
481 243 14 29 301 246 5 11 311 246 5 11 
129 248 24 47 251 248 20 46 373 248 18 25 


269 248 10 23 188 251 13 26 101 249 26 34 
445 248 54 72 115 246 12 26 
481 243 14 30 301 246 5 11 311 246 5 10 
128 249 25 46 251 248 21 47 373 247 14 25 


270 248 9 22 189 251 13 27 102 249 26 33 
444 248 54 73 115 246 12 26 
481 243 14 30 302 246 4 11 311 246 4 10 
128 249 26 46 251 248 21 48 373 247 13 25 


270 248 10 23 188 249 22 30 114 251 16 31 
116 246 11 26 441 248 52 73 
480 243 15 29 302 246 5 11 311 246 4 10 
250 248 22 49 125 249 28 47 372 247 12 25 


189 250 18 28 270 247 10 24 112 249 22 34 
116 246 11 26 439 249 58 73 
480 243 15 29 302 246 5 11 315 245 4 12 311 246 4 10 
250 248 22 49 123 250 31 45 371 247 12 24 


190 250 17 28 270 247 10 23 118 250 15 33 
116 246 11 26 438 249 61 74 
480 243 14 29 302 246 5 11 315 245 4 12 310 246 5 10 
250 248 22 49 121 250 33 45 371 248 12 23 


191 251 17 27 271 247 11 23 119 251 15 32 
116 246 12 26 432 252 61 64 
480 243 14 29 303 246 4 11 310 246 5 10 315 245 4 11 
248 248 24 49 117 248 33 49 369 247 14 26 


192 251 15 27 271 248 11 22 119 252 17 32 
116 247 12 25 433 252 58 64 
480 243 14 29 303 246 4 11 315 245 5 12 310 246 5 10 
248 248 23 49 368 246 15 28 117 248 26 49 140 249 15 33 


192 251 15 27 271 248 11 22 120 252 16 32 
116 247 12 25 427 252 58 65 
479 242 13 31 303 246 4 11 315 245 5 12 311 246 4 10 
247 248 24 50 116 248 27 50 368 246 15 29 140 249 15 33 


272 248 11 22 193 251 14 27 122 253 16 31 
420 249 51 71 116 248 12 24 
479 242 13 31 303 246 4 11 315 245 5 12 310 246 5 10 
245 248 25 50 113 249 27 49 365 249 17 25 137 248 19 42 


272 248 11 22 195 251 12 27 126 252 17 31 
418 249 48 70 116 248 13 24 
479 242 13 30 303 246 5 11 315 245 5 12 310 246 5 10 
244 248 25 50 365 248 17 26 111 249 26 49 137 247 17 45 


272 248 11 23 195 251 13 27 126 253 18 30 
414 249 48 71 116 249 13 23 
479 242 13 30 304 246 4 10 315 245 5 12 310 246 5 10 
244 248 25 50 111 249 26 49 365 247 17 27 137 247 17 44 


272 248 11 22 196 251 12 27 127 252 19 32 
412 247 45 74 116 249 14 23 
479 242 13 30 304 246 4 10 315 245 5 12 310 246 5 10 
244 249 24 49 110 250 24 46 364 248 16 24 133 248 18 43 


272 248 12 23 124 250 24 33 196 252 11 26 
407 246 50 73 116 249 15 23 
478 242 14 30 304 246 4 10 315 245 5 12 310 246 5 10 
244 249 22 49 108 250 25 47 363 250 17 21 132 248 18 42 


272 248 12 23 125 251 24 32 197 253 10 25 
407 248 49 70 116 249 15 23 
478 242 14 30 304 246 4 10 315 245 5 12 310 246 5 10 
244 250 21 48 107 250 26 47 363 249 17 22 131 247 18 43 


272 248 12 22 196 253 13 25 127 251 26 32 
404 245 52 73 116 249 15 24 
478 243 13 29 304 246 4 10 316 245 4 12 311 246 4 10 
103 249 23 51 243 250 20 47 362 249 17 22 134 248 13 36 


272 248 13 22 197 252 14 27 128 252 25 31 
402 246 52 73 117 250 17 24 
478 243 13 29 304 246 4 10 316 245 5 12 311 246 4 10 
102 249 24 50 242 250 20 47 132 247 17 44 361 249 17 22 


272 248 14 22 198 252 13 27 129 251 26 32 
398 246 53 72 117 250 17 24 
478 243 13 29 316 245 5 12 304 246 4 10 311 246 4 10 
100 249 25 51 241 250 21 47 131 247 18 45 360 248 13 23 


272 247 14 23 199 253 12 26 135 250 24 33 
117 250 16 24 394 247 55 68 
478 243 13 29 316 245 5 12 304 246 4 10 310 246 5 10 
98 248 26 51 128 245 20 48 238 250 21 47 359 248 13 22 


273 247 14 23 199 253 12 26 141 250 17 31 
117 250 16 24 392 245 52 69 
478 243 13 29 316 245 5 12 304 246 4 10 311 246 4 10 
96 248 28 51 237 250 22 48 126 245 22 48 359 247 13 23 


273 247 14 23 200 254 11 24 144 250 16 33 
117 250 16 24 391 244 52 71 
478 243 12 28 316 245 5 12 304 246 5 10 311 246 4 10 
95 249 28 49 126 245 21 49 237 250 21 48 358 247 13 23 


273 247 14 23 201 255 10 22 147 251 13 31 
384 250 54 60 117 250 16 24 
477 243 13 28 304 246 5 11 316 245 5 12 311 246 4 10 
92 247 28 51 124 245 23 49 236 250 21 49 357 247 12 24 


273 247 14 23 201 254 11 24 148 252 13 29 
118 250 15 24 382 252 56 57 
477 243 13 28 304 246 5 11 316 245 6 12 311 246 5 10 
90 247 27 52 235 250 21 49 124 245 23 49 356 247 12 24 


273 247 14 23 201 255 11 23 150 253 11 29 
118 249 15 25 381 253 51 53 
477 243 13 28 304 246 5 11 316 245 6 12 311 246 5 11 
89 246 28 54 234 250 22 49 124 244 22 50 354 247 13 27 


273 247 15 23 202 255 11 23 153 252 12 32 
118 249 15 25 379 254 51 51 
477 243 12 28 304 246 6 11 316 245 6 12 311 245 5 12 
86 245 30 59 232 249 23 49 123 244 23 49 353 247 13 26 


274 247 14 23 202 254 12 25 154 253 13 30 
118 249 15 25 375 254 46 50 
477 243 12 28 304 246 6 11 316 245 6 12 311 246 5 11 
230 249 25 50 81 245 33 60 121 244 24 49 353 247 12 26 


274 247 14 23 202 254 12 25 154 253 13 30 
118 249 15 25 375 254 45 51 
477 243 12 28 304 246 6 11 316 245 6 12 311 246 5 11 
230 249 25 50 81 245 33 60 121 244 24 49 353 247 12 26 


274 247 14 24 203 254 12 25 156 251 14 33 
118 249 15 25 371 249 34 58 
477 243 11 29 304 246 6 11 316 245 6 13 311 246 5 11 
228 249 27 49 78 245 31 59 122 245 23 48 351 247 13 26 


275 247 13 24 203 254 12 25 158 251 14 31 
118 249 15 25 370 250 35 56 
477 243 11 28 304 246 6 11 316 245 6 12 311 245 5 12 
227 250 28 49 75 245 31 59 121 246 23 47 349 246 15 26 


275 248 13 23 203 254 12 25 160 253 14 28 
118 249 15 25 368 252 31 55 
477 243 11 28 305 246 5 11 316 245 6 12 311 246 5 11 
226 250 29 48 73 245 31 60 121 247 23 46 349 246 15 27 


277 247 13 24 203 254 12 25 160 253 17 28 
117 249 16 25 364 254 29 53 
477 243 11 28 317 245 5 12 311 246 5 11 305 246 5 11 
224 250 30 49 67 247 36 62 117 247 23 47 345 249 16 24 


277 247 13 24 203 254 12 25 160 250 24 33 
117 249 17 25 361 250 29 57 
476 243 12 28 317 245 5 12 311 246 5 11 305 246 5 11 
224 249 30 50 64 248 37 60 117 247 22 47 345 248 15 25 


277 247 13 24 203 254 12 25 161 250 24 33 
117 249 17 25 359 250 31 57 
476 243 12 28 317 245 5 12 311 246 5 11 305 246 5 11 
224 250 30 48 64 249 34 61 116 247 23 47 345 248 15 25 


278 247 12 24 163 250 22 32 203 253 12 27 
116 249 18 26 356 254 31 53 
476 243 12 28 317 245 5 12 311 246 5 11 305 246 5 11 
62 250 31 61 222 250 26 50 116 247 21 46 345 248 14 25 


278 248 12 23 203 252 12 28 164 250 21 32 
354 254 33 53 116 249 18 26 
476 243 12 29 317 245 5 12 311 246 4 11 305 246 5 11 
63 250 29 61 222 251 26 47 116 246 20 48 345 249 14 23 


279 247 11 24 204 252 11 27 165 249 21 32 
116 248 18 27 352 251 36 55 
476 243 12 29 317 245 5 12 311 246 4 11 305 246 5 11 
62 250 29 61 221 251 27 47 115 245 20 49 345 249 13 22 


279 247 12 25 204 251 11 28 166 248 22 33 
116 249 18 25 346 246 37 55 
475 243 13 29 317 245 5 12 310 246 5 11 305 246 5 11 
61 251 26 60 220 251 24 48 114 245 20 49 346 249 12 22 


280 247 11 24 203 250 12 30 168 249 22 33 
116 248 16 26 342 246 45 57 
475 243 13 29 317 245 5 12 310 246 5 11 306 246 4 11 
218 251 26 48 59 251 24 58 114 245 20 49 346 249 11 21 


280 247 11 24 204 250 11 29 169 249 22 33 
116 248 15 26 341 247 45 55 
475 242 13 30 317 245 5 12 310 246 5 11 306 246 4 11 
57 251 24 59 217 250 25 49 113 246 21 49 345 248 11 22 336 248 9 25 


280 247 11 25 204 250 11 29 179 251 14 32 
339 247 45 54 116 248 14 25 
475 242 13 30 317 245 4 12 310 246 5 11 306 246 4 11 
52 250 24 61 215 250 24 49 113 245 20 47 345 248 10 21 335 248 10 26 


280 247 12 25 203 250 12 29 180 251 14 33 
337 247 45 54 115 248 15 25 
475 242 12 30 317 246 4 11 310 246 5 10 
51 251 24 60 215 251 23 48 112 245 20 49 344 248 11 21 334 248 11 25 


281 247 11 24 205 250 12 29 181 252 14 32 
336 246 45 55 115 248 14 26 
475 242 12 30 316 246 5 11 310 246 5 11 
50 250 23 61 215 250 22 49 112 245 20 49 334 248 10 25 344 248 11 21 


281 247 11 24 205 250 12 28 181 251 16 33 
331 247 45 53 114 248 14 26 
474 243 13 29 316 246 5 11 310 246 5 11 
46 249 26 62 215 250 20 48 111 244 18 52 344 248 11 20 333 250 11 23 


281 246 11 25 187 251 14 32 204 249 13 29 
329 248 45 51 114 248 14 26 
474 243 13 29 316 246 5 11 309 246 5 11 
40 249 31 62 215 250 19 49 109 244 20 53 343 247 12 22 331 251 12 22 


282 246 10 25 204 250 13 28 188 252 14 30 
114 247 14 27 328 246 35 52 
474 243 13 30 316 246 5 11 309 246 4 11 
38 249 32 62 105 244 22 53 214 250 20 48 342 248 11 20 331 250 11 24 


282 246 10 25 204 250 13 28 190 252 15 26 
113 247 15 26 329 248 33 49 
474 243 13 30 316 246 5 11 309 247 4 10 321 245 4 12 
29 246 41 67 104 245 23 52 212 248 20 53 342 248 10 19 330 252 8 22 


282 246 11 25 204 250 13 28 191 252 15 27 
113 247 14 26 327 247 33 51 
474 243 13 30 316 246 5 11 309 246 4 11 
26 246 44 67 104 244 23 54 212 248 20 53 342 247 10 20 328 250 11 23 


282 246 11 25 193 253 15 29 
112 246 15 29 323 247 29 53 
474 243 13 30 316 246 5 11 309 246 4 11 321 245 4 12 
21 246 47 68 102 244 25 55 210 248 22 53 340 247 12 20 327 250 10 23 


282 246 11 25 188 250 25 32 
321 248 30 52 112 246 15 29 
474 243 13 30 316 246 5 11 309 246 4 11 321 245 4 12 
18 247 48 68 101 245 26 54 209 248 22 53 340 247 11 20 326 249 11 24 


282 246 11 25 189 250 25 32 
112 245 14 30 318 248 29 51 
474 243 13 30 316 246 5 11 309 246 4 11 321 245 4 12 
16 248 50 67 101 245 26 55 209 248 22 53 339 247 12 20 325 250 12 23 


282 246 12 26 190 249 25 32 
316 249 30 50 112 245 14 30 
474 243 13 30 316 246 5 11 309 246 5 11 321 245 4 12 
15 249 51 65 101 245 25 54 208 248 22 53 338 247 12 21 325 248 11 26 


282 246 12 26 200 249 17 32 
314 246 27 55 112 246 13 30 
473 243 12 30 316 246 4 11 309 246 5 11 321 245 4 12 
9 250 54 66 206 248 24 54 100 245 23 54 323 248 13 26 338 248 12 19 


282 246 12 26 203 249 16 32 
312 246 28 55 111 246 13 30 
472 244 13 29 316 246 4 10 310 246 4 11 321 245 4 12 
8 250 53 67 205 248 23 54 99 245 23 54 320 250 15 24 337 248 11 20 


283 246 13 26 203 249 16 31 
312 245 27 56 111 246 12 30 
473 244 12 29 316 246 4 10 310 246 4 11 321 245 4 12 
9 250 51 66 203 248 25 53 99 244 23 54 319 249 16 24 337 248 11 20 


283 246 13 26 205 250 15 28 
309 245 28 54 111 247 12 29 
473 244 12 28 310 246 4 11 316 246 4 10 321 245 4 12 
8 251 49 67 202 248 25 54 98 245 22 54 319 249 14 24 335 248 10 21 


284 247 12 25 205 250 14 28 
307 246 28 52 110 247 12 29 
472 244 13 28 316 246 4 11 310 246 4 11 321 245 5 12 
7 251 48 67 202 250 23 54 97 245 20 54 317 248 15 25 334 248 10 21 


284 247 12 25 205 250 13 28 
306 247 29 50 110 247 11 29 
472 244 13 28 316 246 4 11 310 246 4 11 321 245 5 12 
6 251 47 66 202 249 22 52 97 245 19 55 316 249 15 24 334 248 10 21 


284 247 12 25 206 251 12 27 216 251 9 22 
305 246 29 51 110 247 11 29 
472 244 13 28 316 246 4 11 310 246 5 11 321 245 5 12 
7 250 44 67 202 252 21 51 97 245 19 54 316 249 15 23 333 249 10 21 


284 247 13 25 205 251 14 26 
302 246 32 51 109 247 12 29 
472 244 13 28 316 246 4 11 310 246 5 11 321 245 5 12 
7 250 42 67 201 252 21 51 93 246 21 53 332 249 11 21 315 249 16 23 


285 247 12 25 206 251 11 26 215 255 13 23 
300 245 33 52 109 247 12 29 
472 244 12 28 316 246 4 11 310 246 5 11 321 245 5 12 
7 249 41 67 93 246 20 52 199 252 20 51 332 248 10 22 314 248 13 24 


285 247 12 24 205 250 11 28 219 252 13 29 
297 246 33 49 108 248 13 29 
472 244 11 28 316 246 4 11 310 246 5 11 321 245 5 12 
7 250 40 67 92 246 19 53 199 252 17 50 331 248 11 21 313 249 14 23 


286 247 11 24 205 250 12 27 221 252 13 31 
295 247 34 47 107 247 14 30 
472 244 11 28 310 246 5 11 316 245 5 12 321 245 5 12 
4 249 40 69 92 246 19 52 198 253 16 49 331 248 11 21 312 250 14 22 


222 253 13 30 286 247 11 24 205 250 12 27 
294 246 33 48 107 247 14 31 
472 244 11 28 310 246 5 11 317 245 4 12 321 245 5 12 
3 248 39 70 91 246 19 54 197 253 17 50 330 249 12 19 312 250 14 22 


286 248 11 23 223 252 15 30 204 250 11 28 
292 248 31 44 105 246 15 32 
472 244 11 28 311 246 4 11 317 245 4 12 321 245 5 12 
3 247 38 71 89 245 20 55 194 251 18 53 328 248 12 20 310 250 14 23 


287 248 10 23 203 250 12 28 225 253 14 28 
290 248 30 44 105 248 15 30 
472 244 11 28 311 246 4 11 317 245 4 12 322 245 4 11 
2 246 39 72 88 245 21 55 194 251 17 53 328 248 12 20 309 250 15 24 


287 248 10 23 203 250 12 28 226 253 15 29 
105 247 15 31 289 248 24 44 
471 244 12 28 311 246 5 11 321 245 5 11 317 245 4 11 
87 244 22 56 2 246 39 72 192 251 19 53 328 247 12 22 308 249 12 25 


287 247 10 24 203 250 12 28 227 253 17 30 
288 247 23 46 105 247 15 31 
471 244 11 27 311 246 5 11 321 245 5 11 
84 244 24 57 190 251 21 53 1 246 40 71 327 247 12 22 308 249 11 25 


287 248 10 23 224 249 22 33 203 249 12 29 
288 248 20 46 105 247 15 30 
471 244 11 27 311 246 5 11 321 245 6 11 317 246 5 10 
82 244 27 58 189 251 22 53 0 246 41 70 327 247 12 22 307 251 12 25 


287 247 10 24 226 251 23 31 203 250 12 28 
105 247 15 30 288 249 19 45 
471 244 11 27 311 246 5 11 321 245 6 11 317 246 5 10 
80 244 29 58 188 251 22 53 0 247 41 69 326 247 13 21 306 251 12 26 


288 247 10 24 226 251 26 32 203 250 12 27 
105 247 15 30 285 254 19 39 
471 244 11 27 311 246 5 11 322 246 5 10 317 246 5 10 
77 244 32 58 186 250 24 55 0 247 41 70 325 247 13 21 305 251 11 25 


288 247 10 24 203 250 12 27 227 251 27 32 
105 247 15 29 284 251 20 43 
471 244 11 28 312 246 4 11 322 246 5 10 317 246 4 10 
77 244 32 58 0 247 40 71 185 250 25 55 325 247 13 22 304 248 10 27 


288 247 10 24 203 248 11 27 233 251 25 31 
281 251 21 43 104 247 16 29 
471 244 10 28 311 246 5 11 322 246 5 10 317 246 5 11 
72 244 37 59 0 248 38 72 181 250 30 55 324 247 12 21 302 248 11 26 


288 247 10 24 202 248 11 28 240 250 17 31 
280 251 22 43 104 247 16 28 
471 244 10 27 312 246 4 11 322 246 5 10 317 246 5 11 
71 244 37 60 0 249 38 71 181 250 29 55 302 247 11 28 324 247 11 21 


288 247 10 24 202 248 11 28 242 250 17 33 
104 247 16 28 278 252 24 41 
470 244 11 27 312 246 4 11 322 246 5 10 317 246 4 11 
71 245 35 59 178 249 31 57 0 250 36 69 301 247 11 29 323 248 9 21 


289 247 9 23 202 248 11 27 244 251 15 31 
104 247 16 28 278 251 24 42 
470 244 11 27 322 246 5 10 312 246 4 11 317 246 4 11 
70 245 36 59 0 250 37 70 178 249 32 57 300 248 12 27 322 248 10 21 


289 247 10 24 202 248 11 27 246 253 14 27 
274 252 25 41 104 246 16 30 
470 244 11 27 323 246 4 10 312 246 4 11 317 246 4 11 
0 250 37 71 69 246 36 58 178 249 30 57 298 249 14 26 321 248 10 22 


289 247 10 24 202 248 11 27 247 253 14 28 
273 250 26 42 104 247 16 29 
470 245 11 26 323 246 4 10 316 246 5 11 312 246 4 11 486 247 13 73 
0 251 36 70 67 249 39 56 178 249 29 57 297 249 14 26 321 248 10 22 


289 247 10 24 202 248 11 27 251 252 14 30 
272 253 27 38 103 247 17 29 
470 244 10 27 323 246 5 10 316 246 5 11 312 246 4 11 486 246 13 75 
67 249 38 56 0 251 35 71 178 249 27 57 295 249 16 26 320 248 10 22 


289 247 10 24 202 248 10 27 251 257 14 28 
101 246 19 31 269 256 30 34 
470 244 10 27 323 246 5 10 316 246 5 11 312 246 4 11 
69 246 35 58 0 252 35 70 174 250 28 56 319 249 11 21 294 248 17 28 


290 247 9 24 201 249 11 26 253 255 14 30 
101 246 19 31 268 256 29 34 
470 244 10 27 323 246 5 11 316 246 5 10 
69 246 35 58 174 250 29 56 0 253 34 69 319 249 10 20 294 248 18 27 


290 247 10 24 201 249 11 26 254 256 14 29 
101 246 19 32 267 255 30 35 
469 244 11 27 323 246 5 10 316 246 4 11 485 270 14 48 
173 250 28 56 69 245 34 60 0 253 34 70 319 249 9 20 293 250 15 23 


290 246 10 25 201 249 11 26 258 251 13 32 
263 255 29 34 99 244 22 35 
469 244 11 27 323 245 5 12 316 246 4 11 
69 245 34 60 169 252 27 52 0 253 34 69 318 248 10 21 292 250 15 22 


290 246 12 26 260 251 12 32 201 248 11 28 
263 254 29 35 99 244 22 35 
469 244 11 27 324 246 4 11 315 246 5 11 
167 252 30 53 69 245 33 60 0 254 34 68 292 249 14 23 316 249 10 20 


290 246 12 26 261 252 13 32 201 249 11 26 
99 248 22 31 263 253 28 36 
324 245 4 12 469 244 11 28 315 246 5 11 
167 251 28 54 69 245 31 60 0 255 34 70 316 249 10 20 291 248 13 24 


290 246 12 25 200 249 12 26 262 250 16 34 
99 248 22 31 261 250 24 39 
324 245 5 12 468 243 12 29 315 246 5 11 
69 244 29 61 165 251 28 56 0 254 35 68 315 248 10 20 289 249 15 25 


290 246 12 25 200 249 12 26 263 250 17 35 
260 250 24 39 99 248 22 32 
468 243 12 29 324 245 5 12 315 246 5 11 
69 244 28 61 166 251 26 54 0 254 35 68 314 248 11 20 288 249 12 25 


290 246 12 26 200 249 11 26 261 252 23 32 
99 248 22 32 259 252 23 37 
468 243 12 29 324 245 5 12 315 246 5 11 
69 243 26 62 165 250 26 56 0 254 35 68 314 248 11 21 288 249 12 24 


290 246 12 26 199 249 12 27 261 250 28 36 
99 248 22 32 257 251 21 38 
468 243 12 29 324 245 5 12 315 246 5 11 
69 243 25 62 165 249 24 58 0 253 37 69 313 249 11 20 286 249 12 25 


290 246 12 26 199 249 12 27 263 251 28 35 
99 248 22 32 256 249 20 40 
467 243 13 29 324 245 5 12 315 246 5 11 
69 243 25 62 164 248 24 59 0 253 38 69 313 249 11 20 285 249 12 25 


290 246 12 26 199 249 12 27 264 251 28 36 
99 248 22 32 255 248 20 39 
467 243 13 29 324 245 5 12 315 246 5 11 
68 243 26 61 164 248 23 60 0 253 39 69 312 248 12 22 285 249 10 26 


291 247 11 25 199 249 12 27 274 251 14 28 
251 248 20 40 99 248 22 32 
467 244 13 28 324 245 5 12 315 246 5 11 
69 242 25 63 162 249 24 59 0 252 41 71 311 248 12 21 283 249 10 25 


291 247 11 25 199 249 12 27 276 252 15 30 
250 246 20 42 102 249 17 29 
465 243 14 30 324 245 5 12 315 246 6 11 
69 242 25 63 162 249 24 59 0 252 42 71 310 248 13 21 283 248 9 26 


199 249 12 27 291 247 11 25 278 252 14 28 
103 248 18 31 250 246 20 42 
465 243 14 30 324 245 5 12 315 246 6 11 
68 241 26 64 160 249 25 60 0 252 42 71 310 248 13 21 282 248 10 26 


292 247 10 24 199 250 12 27 279 253 14 27 
248 247 20 42 102 248 19 31 
465 243 14 30 324 245 4 12 316 246 4 11 
68 241 26 63 0 251 44 72 155 249 29 59 281 248 10 26 309 249 10 20 


198 250 13 27 293 247 9 25 279 254 16 27 
246 247 22 42 102 248 19 31 
465 243 14 30 323 245 5 12 316 246 4 11 
155 249 29 60 68 240 26 64 0 250 46 74 280 249 11 26 309 249 10 20 


198 248 13 28 293 246 9 26 280 254 15 25 
244 247 23 42 102 249 17 29 
465 243 14 30 323 245 5 12 316 246 5 11 
154 249 29 59 68 240 26 64 0 250 47 74 280 248 10 27 308 249 10 20 


198 248 13 28 285 255 14 31 
241 246 25 43 102 249 17 30 
465 244 13 29 323 246 5 11 316 246 5 11 
152 250 30 58 68 240 25 64 3 248 47 74 277 250 14 27 308 249 9 21 


197 249 12 26 287 251 14 34 
239 246 26 43 101 249 19 30 
465 244 13 29 323 246 5 11 316 246 5 11 
67 239 27 65 151 250 30 58 3 248 48 74 277 248 13 27 307 249 10 21 


196 249 13 26 290 251 13 33 
238 248 27 39 101 249 18 30 
465 244 13 29 317 246 4 11 323 246 5 11 
3 248 48 73 67 240 27 64 150 250 30 59 276 247 14 29 306 249 10 21 


196 249 12 26 292 250 13 34 
101 249 18 30 236 250 24 37 
465 244 12 28 317 246 4 11 323 245 5 12 
5 246 47 76 66 240 28 64 148 252 31 57 273 248 17 27 306 249 9 21 


196 249 12 25 293 251 13 31 
99 248 21 33 236 249 24 37 
465 244 12 28 323 245 5 12 317 246 4 11 327 244 5 15 
8 245 45 78 66 240 28 64 147 252 30 56 272 249 17 26 305 249 10 21 


196 249 11 25 293 250 14 35 
98 248 22 33 236 249 22 38 
465 244 12 28 317 246 4 11 323 245 5 12 327 244 5 15 
10 244 44 80 65 240 29 64 148 253 27 55 271 249 17 26 305 249 10 21 


196 249 11 24 291 252 25 32 
99 249 18 31 233 249 22 36 
465 244 12 28 324 245 4 12 317 246 4 11 
14 243 42 81 63 240 29 64 146 254 27 55 270 249 18 25 303 248 10 21 


196 248 10 25 292 252 25 32 
232 248 21 37 98 248 21 33 
465 244 12 28 317 246 5 11 323 245 5 12 327 244 6 15 
16 242 41 82 63 241 28 63 146 254 26 56 302 249 11 20 269 249 18 25 


294 252 24 32 196 248 10 24 
98 249 19 31 232 249 20 36 
464 245 13 27 317 245 5 12 323 245 5 12 328 244 5 14 
18 242 39 81 63 241 28 64 146 254 26 55 302 248 11 21 269 249 17 25 


196 248 10 25 295 252 25 33 
98 248 18 32 229 249 20 37 
464 244 13 28 317 245 5 12 323 245 5 12 328 245 5 14 
20 246 41 75 64 242 27 63 143 255 26 55 301 248 11 20 268 248 12 27 


297 251 28 36 195 247 10 26 
96 248 21 33 227 248 18 37 
464 244 13 28 317 245 5 12 324 245 5 12 
23 246 40 75 63 243 29 62 143 254 25 56 300 249 12 20 267 247 13 28 


297 251 28 36 195 248 10 25 
96 248 21 33 227 248 18 37 
464 244 13 28 317 245 5 12 324 245 5 12 
23 246 40 75 63 243 28 63 143 254 25 56 300 248 12 21 267 247 13 28 


195 247 10 25 298 249 31 38 293 247 10 25 
95 248 21 33 226 249 18 36 
464 244 13 28 324 245 5 12 317 245 5 12 
63 243 28 63 141 254 26 56 25 247 38 72 299 248 12 21 266 251 14 26 


195 248 10 25 294 247 10 26 303 250 28 38 
94 250 20 29 224 249 19 36 
464 244 13 28 324 245 5 12 317 245 5 12 
63 243 28 62 141 254 25 56 25 247 38 73 299 248 12 21 265 252 15 24 


194 248 11 24 294 247 10 26 307 250 25 37 
94 249 19 31 222 249 20 35 
463 245 14 27 324 246 5 11 317 245 5 12 329 245 4 13 
140 254 26 55 28 248 39 73 64 242 27 64 297 248 13 21 263 251 15 26 


194 248 10 24 294 247 10 26 307 250 25 36 
94 249 18 31 221 249 21 35 
463 245 14 27 324 246 5 11 317 245 5 12 329 245 4 13 
140 254 25 55 64 242 27 64 28 248 39 73 297 248 13 21 261 250 14 28 


194 248 10 24 294 247 10 26 306 251 26 35 
94 250 18 30 220 249 22 36 
463 244 14 28 324 246 5 11 329 245 4 13 317 246 5 11 
29 249 39 72 139 254 26 55 64 242 27 64 296 248 14 22 262 251 12 27 


194 247 10 26 294 246 10 27 309 252 24 35 
94 250 17 30 220 249 22 36 
463 245 14 27 324 246 5 11 329 245 4 13 317 246 5 11 
30 250 40 72 139 253 25 56 66 243 28 61 296 248 14 22 261 251 12 27 


193 248 11 25 294 246 11 27 320 252 13 30 
216 247 23 38 94 250 15 30 
463 245 13 27 324 246 5 11 329 245 4 13 318 246 5 11 
31 252 44 68 138 253 26 57 296 249 10 20 260 250 11 28 


193 248 11 25 294 246 11 27 321 252 13 31 
94 250 15 31 214 247 26 38 
463 245 13 27 324 245 5 12 329 245 4 13 318 246 5 11 
32 253 43 67 137 252 26 59 295 248 10 21 259 249 12 30 


294 246 11 27 192 248 12 24 324 251 13 33 
94 249 14 32 211 247 28 39 
463 245 13 27 324 246 5 11 329 245 4 13 318 246 5 11 
34 253 48 68 135 252 28 61 294 249 9 21 259 249 11 29 


192 248 12 25 294 246 11 27 325 250 14 35 
94 249 14 31 211 247 28 38 
463 244 13 28 324 246 5 11 329 245 5 13 318 246 5 11 
33 253 49 68 135 252 28 61 294 249 9 21 258 249 12 29 


294 246 11 27 192 248 12 25 327 250 13 35 
94 248 13 33 210 247 29 38 
463 244 13 28 329 245 5 13 324 245 5 12 318 246 5 11 
33 253 50 68 135 252 28 61 293 249 9 21 254 247 15 29 


294 246 11 27 328 249 12 37 191 248 13 26 
93 247 14 34 208 247 28 38 
463 244 13 27 329 245 5 13 324 245 5 12 318 246 5 11 
32 253 51 68 134 252 28 61 293 249 9 21 254 246 15 32 


189 249 14 24 294 246 11 27 331 250 14 34 
92 247 15 35 208 249 26 35 
463 244 13 27 329 245 5 13 324 246 5 11 318 246 5 11 
33 252 51 69 133 254 28 58 254 246 15 31 292 250 9 20 


188 250 15 23 294 246 11 27 328 250 20 37 
92 247 15 34 208 249 23 34 
463 244 13 27 329 245 5 13 324 246 5 11 318 246 5 11 
34 252 50 69 131 255 30 57 253 246 16 31 292 250 9 20 


188 250 15 24 294 246 11 27 329 250 20 37 
91 247 16 35 207 248 22 35 
463 244 13 28 329 245 5 13 324 246 5 11 318 246 5 11 
34 252 52 68 131 255 29 57 253 245 16 31 292 249 8 21 


188 250 15 24 294 246 11 27 332 250 22 38 
203 249 22 35 89 248 17 34 
463 244 12 27 329 245 5 13 324 245 5 12 318 246 5 11 
35 252 52 69 126 256 35 58 253 245 16 30 290 249 8 21 


294 246 11 27 187 250 15 24 333 250 24 38 
89 249 16 33 202 249 20 35 
463 244 12 28 329 245 5 13 324 245 5 12 318 246 6 11 
126 256 34 60 36 250 52 72 252 245 17 30 288 248 10 21 


294 246 11 27 187 252 15 23 334 249 25 40 
88 249 17 33 199 248 20 36 
463 244 12 28 329 245 5 13 323 246 5 11 318 245 6 12 
125 256 35 60 36 251 52 71 252 245 16 31 287 248 11 21 


336 249 26 41 294 246 11 27 187 252 15 23 
88 250 15 32 198 248 19 36 
462 244 13 27 329 245 5 13 323 246 5 11 318 245 6 12 
126 255 34 62 37 251 52 70 286 248 11 21 251 245 18 30 


337 249 27 40 294 246 11 27 187 251 15 23 
87 250 16 32 197 248 19 36 
462 244 13 28 329 245 6 13 323 246 5 11 318 245 6 12 
126 256 34 60 38 252 51 68 286 248 11 21 249 245 23 32 77 243 13 22 


337 250 30 39 294 246 11 27 186 250 16 24 
87 250 15 33 197 248 19 36 
462 244 12 27 329 245 6 13 323 246 5 11 318 245 6 13 
127 255 32 62 39 253 51 66 286 248 11 21 249 245 18 32 


294 246 11 27 186 252 15 22 339 250 28 37 
86 250 16 33 194 247 20 37 
462 244 12 28 329 245 6 13 322 246 5 11 
127 255 32 62 43 250 49 68 285 248 12 21 248 246 19 31 


294 246 11 27 186 252 15 23 345 250 25 38 
86 250 16 34 193 247 21 36 
462 245 12 26 329 245 6 13 322 246 5 11 
127 255 32 62 45 249 47 70 285 248 11 21 248 251 13 26 


295 246 10 27 185 252 15 23 348 251 23 39 
191 247 24 37 82 249 21 35 
462 245 12 26 329 245 6 13 322 246 5 11 
128 254 30 64 49 247 45 72 284 248 12 21 247 250 15 28 


295 246 10 27 185 252 15 23 351 253 22 37 
189 247 25 38 83 250 19 35 
462 245 11 26 330 245 6 14 322 246 5 11 
56 245 40 74 128 253 30 67 283 248 13 21 246 252 13 25 


295 246 10 27 358 253 13 28 184 251 15 24 
185 246 28 41 78 249 24 37 
462 245 11 26 330 245 6 14 322 246 5 11 
62 246 36 72 128 252 31 68 282 249 12 20 245 252 12 25 


295 246 10 27 358 253 13 28 184 251 15 24 
185 247 29 40 78 249 24 37 
462 245 11 26 330 245 6 14 322 246 5 11 
62 246 36 72 128 252 31 68 282 249 12 20 245 252 12 25 


294 246 11 27 182 252 15 23 359 253 16 35 
182 247 32 40 77 249 25 38 
462 245 11 26 330 245 5 13 322 246 5 11 
66 246 33 70 128 251 30 71 282 249 11 20 243 251 10 27 


294 246 11 27 361 253 16 37 182 252 14 22 
180 247 32 40 76 250 26 37 
462 245 11 26 330 246 5 11 322 246 5 11 
66 247 33 68 128 251 30 71 281 249 11 20 243 251 10 27 


294 246 11 27 363 253 15 37 181 251 14 22 
76 250 26 37 180 247 30 39 
461 245 12 26 331 246 5 12 322 246 5 11 
128 251 30 71 67 247 33 68 281 249 10 21 242 250 11 28 


366 252 13 39 294 246 11 27 180 250 14 23 
74 250 29 38 180 247 26 39 
461 245 12 27 331 245 5 13 322 246 5 12 
128 252 30 70 69 246 31 69 242 251 10 27 280 250 10 21 


294 246 11 27 368 251 15 39 180 251 13 22 
73 250 30 38 180 247 24 39 
461 245 12 27 322 246 5 11 331 246 5 12 
128 252 30 70 69 246 32 69 241 250 11 29 280 250 9 21 


294 246 11 27 369 250 15 43 179 250 14 23 
72 250 29 39 179 248 22 38 
322 246 5 11 461 245 12 27 331 246 5 11 
128 252 30 70 66 243 36 74 240 251 12 27 280 250 9 21 


294 246 11 27 372 248 14 46 178 250 16 24 
71 251 27 38 177 248 23 38 
322 246 6 11 461 245 12 26 331 245 5 12 
70 245 33 67 128 252 30 71 239 251 12 28 279 250 9 21 


294 246 11 27 369 250 20 41 168 246 25 29 
71 251 26 39 175 248 21 38 
322 246 6 11 460 244 12 27 331 245 5 12 
72 245 32 67 130 253 30 74 238 250 13 29 278 249 10 22 


295 246 10 27 177 249 16 26 369 250 20 41 
71 251 26 39 175 248 21 38 
323 246 5 11 460 244 12 27 331 245 5 12 
72 245 32 67 128 253 30 75 238 250 13 29 278 249 10 22 


294 246 11 27 168 246 24 30 373 248 21 44 
69 251 28 39 175 249 14 37 
460 244 12 27 323 246 5 11 331 246 4 12 
128 254 30 73 73 246 31 65 236 251 15 27 276 249 10 21 


294 246 11 27 374 249 23 43 169 247 23 29 
69 251 27 38 175 249 13 36 
460 244 12 27 323 246 5 11 331 246 4 11 
128 256 30 70 73 246 31 65 276 249 10 21 235 251 14 27 


294 246 11 27 168 246 24 30 375 249 23 44 
69 251 27 38 173 250 14 35 
459 244 13 27 323 246 5 11 330 246 5 11 
128 257 31 69 77 248 32 63 234 250 15 28 275 248 11 22 


294 246 11 27 172 249 18 26 376 250 26 43 
68 251 27 39 168 251 21 35 
459 245 13 26 323 247 5 10 330 246 5 12 
128 258 30 68 78 247 33 63 234 250 15 27 275 248 11 22 


294 246 11 27 172 249 16 25 378 250 26 43 
70 251 25 38 168 250 20 36 
459 245 13 26 323 246 5 11 334 245 5 14 
127 258 31 68 80 247 32 64 274 249 11 21 233 250 16 28 


294 246 11 27 172 249 16 25 384 251 23 40 
70 251 25 39 167 251 20 35 
459 245 12 26 323 246 5 11 334 245 5 14 
127 258 32 68 81 247 32 64 233 250 15 28 274 249 11 21 


294 246 11 27 173 250 13 24 384 250 26 43 
163 249 23 38 71 252 24 39 
459 245 12 26 323 247 5 10 334 245 5 14 
127 258 31 70 273 249 12 21 82 248 33 62 232 249 15 29 


294 246 11 27 172 250 13 24 384 251 27 43 
71 252 24 39 161 248 25 40 
459 245 12 26 323 247 5 10 334 245 5 14 329 246 6 12 
127 258 31 70 82 248 34 62 273 248 12 21 231 249 15 29 


294 246 11 27 173 252 11 22 387 252 24 43 
71 251 24 40 159 248 27 40 
459 245 12 26 323 247 6 10 334 245 6 13 330 246 5 11 
127 258 31 71 82 247 35 63 272 248 12 21 230 250 15 28 


294 246 11 27 173 252 10 23 386 252 24 43 
71 251 24 41 154 248 30 41 
459 245 11 26 323 247 6 11 334 245 6 14 330 246 5 12 
124 256 35 77 271 248 13 21 82 247 37 63 229 249 12 30 


294 246 11 27 169 250 14 24 392 252 19 43 
70 251 25 43 151 249 30 40 
458 245 12 26 323 247 6 11 334 245 7 14 330 246 5 12 
124 256 35 80 83 247 37 63 269 248 15 22 229 249 12 29 


294 246 11 27 169 250 14 24 392 252 19 43 
71 251 24 41 151 249 30 40 
458 245 12 26 323 247 6 11 334 245 7 14 330 246 5 12 
124 256 35 79 83 247 37 63 269 248 15 22 229 249 12 29 


294 246 11 27 168 251 14 24 398 251 15 44 
70 251 25 42 149 248 29 41 
458 245 12 26 323 247 6 11 335 245 6 13 330 246 6 12 
123 256 37 81 90 248 34 60 228 249 12 30 269 249 11 20 


294 246 11 27 168 251 14 25 399 250 14 45 
69 251 25 43 147 248 30 42 
458 245 12 26 323 247 6 10 335 245 6 13 330 246 5 12 
123 256 37 83 90 248 35 61 228 249 11 29 268 249 12 20 


167 251 15 24 294 246 11 27 400 250 13 42 
69 250 25 45 146 249 31 41 
458 245 12 25 335 245 6 13 323 247 6 10 330 246 5 12 
124 256 36 83 90 248 34 61 227 249 11 30 268 249 12 20 


166 251 15 24 294 246 11 27 401 251 18 44 
68 250 26 43 146 249 27 42 
458 245 12 26 335 245 6 13 323 247 6 10 330 246 6 11 
123 256 37 85 91 247 33 62 226 249 12 31 267 249 11 21 


165 251 16 25 294 246 11 27 402 251 18 45 
68 250 26 43 146 249 26 41 
458 245 12 26 335 245 6 13 323 247 6 10 330 246 5 11 
122 256 38 88 91 247 33 61 226 248 11 31 267 249 10 21 


165 251 15 25 294 246 11 27 403 251 18 44 
68 250 26 43 146 248 25 43 
458 245 12 26 323 247 6 10 335 245 6 13 330 246 6 11 
122 256 38 88 91 247 33 61 226 248 11 32 267 250 10 20 


294 246 11 27 405 250 20 46 165 252 13 22 
69 251 25 43 144 251 22 40 
458 245 12 26 324 247 5 10 335 245 6 13 330 247 5 10 
122 255 38 90 94 246 30 63 75 241 23 67 225 249 12 30 266 250 9 20 


294 246 11 27 164 252 11 23 405 250 22 46 
69 251 26 43 144 251 20 40 
458 245 12 26 324 247 5 10 335 246 6 12 330 247 5 10 
122 255 38 90 94 246 30 63 74 241 24 67 224 249 13 30 266 250 9 20 


294 246 11 27 164 253 10 21 407 250 21 47 
69 252 26 42 143 251 20 40 
458 245 12 26 335 246 7 12 324 246 5 11 330 247 5 10 
122 255 38 90 94 246 30 63 74 242 24 66 223 248 11 32 266 250 9 20 


409 251 27 46 294 246 11 27 163 253 11 21 
69 253 28 41 139 250 21 42 
458 245 12 26 335 246 7 12 324 247 5 11 329 247 6 10 
123 256 37 88 97 246 27 64 74 242 26 66 222 248 12 32 265 250 9 20 


409 251 30 46 162 253 12 21 294 246 11 27 
69 254 30 40 139 250 20 42 
458 245 11 26 335 246 7 12 324 246 5 11 329 247 6 10 
123 257 37 87 97 246 27 64 74 242 26 65 222 249 12 31 264 250 9 21 


412 250 30 48 294 245 11 28 161 253 11 22 
69 254 32 40 138 250 20 41 
458 245 11 26 335 246 7 12 324 246 5 11 329 247 6 10 
124 257 36 86 97 247 29 63 73 242 27 65 220 249 14 30 263 250 9 21 


294 246 12 27 412 251 32 47 161 253 11 22 
70 254 31 40 137 250 20 41 
457 245 12 26 335 246 7 13 324 247 6 11 329 247 6 11 
124 258 36 84 97 247 29 62 73 242 27 65 220 249 13 30 262 250 11 21 


294 246 12 27 159 253 12 22 414 251 31 47 
70 253 32 42 135 248 20 45 
457 245 12 26 335 246 7 13 324 247 5 11 329 247 5 10 
124 257 37 85 97 247 31 62 72 243 28 63 219 248 13 31 259 249 13 21 


294 246 12 27 159 253 12 22 414 251 31 47 
70 253 32 42 135 248 21 45 
457 245 12 26 335 246 7 13 324 247 5 11 329 247 5 10 
124 257 37 85 97 247 31 62 72 243 28 63 219 248 13 31 259 249 13 21 


294 246 12 27 157 252 13 24 416 251 31 47 
72 253 31 41 128 249 25 45 
457 245 12 26 335 246 8 13 324 247 6 11 
125 256 36 88 97 248 32 61 71 243 28 63 218 248 13 31 259 249 13 21 


156 252 14 24 294 246 12 27 419 250 32 49 
73 252 31 42 126 249 27 46 
457 244 12 27 336 246 7 12 325 247 5 11 
125 256 36 88 97 248 32 60 71 243 28 63 218 248 13 31 258 249 14 21 


155 252 15 24 294 246 12 27 420 250 31 49 
74 252 31 43 124 249 29 47 
457 244 12 27 336 246 7 12 325 247 5 11 
125 256 36 88 97 248 32 60 71 243 28 63 217 248 13 31 258 248 15 22 


294 246 12 27 154 253 14 23 424 252 23 45 
119 250 34 48 75 251 31 44 
457 244 12 27 336 246 6 12 328 247 6 11 
98 247 32 61 125 257 36 86 71 243 28 62 216 249 12 31 257 248 16 22 


153 252 15 24 294 246 11 27 426 253 22 43 
119 250 32 48 79 252 28 42 
457 244 12 27 336 246 6 12 328 247 5 11 
98 247 33 61 125 257 36 86 71 243 28 62 216 249 12 31 257 247 15 23 


153 253 14 23 294 246 11 27 426 252 23 44 
119 251 31 47 79 253 29 42 
456 243 12 28 337 245 5 13 328 246 6 12 
98 248 33 60 125 257 36 86 71 244 28 61 216 250 11 29 256 248 16 22 


152 253 14 23 294 246 11 27 431 250 20 47 
119 251 29 47 80 254 32 40 
456 244 12 27 337 245 5 13 328 246 5 11 
99 248 32 60 127 254 36 101 71 244 28 60 215 250 11 29 256 248 15 22 


153 253 12 23 294 246 11 27 433 250 19 47 
119 251 28 47 80 253 33 43 
456 244 12 27 337 245 5 13 328 246 5 11 
99 248 33 60 127 255 37 101 71 243 28 62 215 251 10 29 254 249 15 21 


294 246 11 27 153 253 11 23 434 250 19 46 
119 251 28 47 83 254 33 41 
456 244 12 27 337 245 5 13 328 246 5 11 
126 255 39 101 100 248 31 60 71 244 28 60 214 250 11 30 254 249 14 21 


151 253 11 23 294 246 11 27 435 249 22 49 
83 254 39 41 119 251 27 47 
456 244 12 26 337 245 5 12 328 246 5 11 
126 257 40 105 100 248 31 60 71 244 27 60 213 250 11 30 255 249 12 21 


438 248 22 50 151 253 10 23 294 246 11 27 
82 254 39 41 116 254 28 45 
456 244 12 26 337 245 5 12 328 246 5 11 
127 257 40 107 101 247 30 61 71 244 27 60 213 250 11 30 255 249 11 21 


439 248 22 50 150 253 10 23 294 246 11 27 
82 254 40 41 116 254 28 45 
456 244 11 26 337 245 5 12 329 246 4 11 
127 258 40 106 71 244 26 60 106 247 27 61 212 249 12 31 254 249 12 21 


149 253 10 23 294 245 11 28 440 247 23 52 
83 253 40 42 117 252 30 45 
456 244 11 27 337 245 5 12 329 246 5 11 
127 258 41 109 107 247 25 60 71 243 26 60 211 249 13 31 254 249 11 21 


148 252 11 24 294 246 11 27 441 248 23 51 
84 253 39 42 117 252 30 44 
456 244 11 27 337 245 4 12 329 246 5 12 
127 258 42 109 108 247 24 61 72 244 25 60 253 249 12 21 210 248 12 32 


147 252 12 25 294 245 11 28 441 247 25 52 
114 252 30 46 86 251 34 45 
456 244 11 27 337 245 4 13 329 246 5 12 
127 258 42 109 108 247 24 60 71 243 26 61 210 249 11 31 253 249 12 21 


146 252 13 25 294 246 11 27 442 248 28 52 
113 251 31 48 
455 244 12 27 336 246 5 12 329 246 5 12 
127 258 42 111 109 247 23 60 71 243 25 61 209 249 12 31 253 249 11 21 


144 251 15 26 294 245 11 28 443 247 28 52 
113 250 30 49 
455 244 12 27 336 246 5 12 329 246 6 12 
128 258 40 111 109 247 23 60 71 243 25 61 209 249 12 30 253 249 11 20 


143 250 17 27 294 245 11 28 444 246 36 54 
111 252 32 50 
455 245 12 26 336 245 5 12 329 246 6 12 
128 258 40 112 109 247 24 61 72 243 24 61 208 250 13 30 253 249 11 21 


142 251 16 27 446 245 36 55 294 246 11 27 
108 252 33 51 
455 244 12 27 330 246 5 12 337 245 4 13 
128 258 41 112 110 247 23 61 72 243 23 61 207 249 14 31 253 249 11 21 


142 252 15 26 294 246 11 27 447 244 36 56 
110 249 31 51 
455 245 12 26 337 245 4 13 330 246 5 12 
128 257 41 114 110 246 23 62 72 243 23 61 206 248 14 32 252 249 11 21 


447 246 36 54 142 251 14 27 294 246 11 27 
108 251 33 53 
455 245 12 27 330 246 5 12 337 246 4 12 
128 257 41 114 111 246 22 62 72 244 23 59 206 248 14 32 252 248 11 22 


449 246 35 55 294 246 11 26 141 252 13 25 
107 251 33 56 
455 244 12 28 330 246 5 12 337 246 4 11 
111 246 22 62 128 260 40 115 72 244 23 59 205 248 15 33 251 248 12 23 


140 252 14 25 294 246 11 26 450 246 34 55 
107 251 32 57 
455 244 12 28 330 246 5 12 337 246 4 11 
127 260 41 116 112 246 22 62 71 244 24 59 204 248 15 33 251 248 12 22 


140 252 13 25 293 246 12 26 451 246 33 56 
107 251 32 57 
453 244 12 27 330 246 5 12 336 246 5 11 
127 258 41 121 112 246 22 63 71 244 23 59 204 248 14 33 250 248 10 23 


